Interval,Open,High,Low,Close,Volume
0,418.4101402234182,418.6655630868539,417.1066458513369,417.4012134097654,1160767.7960892417
1,416.9838121963556,418.39815500679373,416.6450374988142,418.21563894263903,1085705.8750060156
2,418.02679715246626,419.2246621682501,417.8361538750776,419.1928365609787,2848514.3178472016
3,418.99631379843737,420.52840522609614,418.74977927354524,420.4705673530949,1521746.670531938
4,420.8168896900725,421.0006448187368,418.21182630417275,418.3897477835087,1259287.4936968237
5,418.59030243603655,419.9427178764991,418.5342007461872,419.86008977714846,312587.26024335856
6,420.14120712018325,421.8625779552679,420.02389735488896,421.76491037140875,1600857.8033867367
7,421.90488231223725,422.2457183532606,421.66048299724224,421.712240512651,903426.2006638197
8,421.4659889751344,421.5864246636522,420.83482950122874,420.95248202154994,1946785.6580969072
9,421.3271766733586,421.6362146018996,420.2205654582302,420.6376505185897,1670918.2145840642
10,421.0582881691082,421.27863787989247,420.1441340286989,420.21284087874767,1692127.053675387
11,420.45064750868477,421.0475361304619,420.4361011258303,420.8659262052232,1697980.8069388946
12,420.76164777130384,421.04190847031265,419.9498052027598,420.2610700475695,1149131.0819403687
13,419.8901893679092,421.2864722940184,419.5368687684657,421.27148401825434,0.0
14,421.6927555022726,422.4518848539905,421.4758546576462,422.1925798487945,2191527.9654824166
15,421.88329023116574,424.15171671481556,421.84890235507464,424.10798248033944,2240744.365243689
16,424.5320904628197,424.9483654460451,424.4535891245812,424.68485566667755,1144586.265849189
17,424.37979073020534,426.11575265462636,424.01692545864654,425.89796943099947,1275473.3644021114
18,425.8121195785153,426.94299326313694,425.39298846485013,426.8377044626251,1663828.228697773
19,426.54128853991756,427.607599585178,426.4783419297936,427.5757993511412,222212.0735214689
20,427.8586597730235,428.7051440241826,427.5418544655343,428.290844665442,2067202.0962022443
21,428.65821976514803,430.0394050414699,428.51488711303483,429.9832110275315,0.0
22,429.8889186967152,430.8386583038499,429.6528099600543,430.4431047623364,942339.6390582452
23,430.8735478670987,431.7221594328775,430.8122470579248,431.5827647581276,958664.8882057015
24,431.35442567293904,432.13257655004736,431.20674713178767,432.12569127428054,516268.66778869694
25,432.2248141495901,432.2506932470689,430.43124466871325,430.7899940693293,1066178.3057327636
26,430.3592040752599,430.3722314602497,429.3665491185609,429.74614748982486,423756.1944408553
27,430.17589363731463,430.8848784134719,429.82594004163496,430.6145131299986,1259053.7660561383
28,430.5475230929298,430.76072032184857,430.2520708521125,430.42993187282843,2423920.0829709955
29,430.5297583236733,432.66602443459874,430.4907078864494,432.3827057100669,1892338.3578948628
30,432.11794011813646,433.37769966090156,432.01502795024305,433.30426978185204,2491732.19580949
31,433.28750656197064,434.33841920914836,433.1085969192449,434.1659266675783,0.0
32,434.56343715511764,434.6858058964292,432.08284431487766,432.4649425969987,393764.9738248297
33,432.89740753959563,432.99485659418286,430.317381822624,430.7117517184362,1549988.153625325
34,430.28103996671774,432.6234661950142,429.90158695952465,432.2590284142881,0.0
35,432.08067124792933,432.25005643316354,431.271413187755,431.6287963677697,0.0
36,431.21107094584545,431.47424615636334,431.14052757051314,431.25651595032696,1220228.7137943362
37,431.2616273921653,433.5444722123455,431.02356444327955,433.2130398329068,1613175.425038526
38,433.34135115386886,433.82261386804515,433.0663030203444,433.5549723251884,1612336.7418020319
39,433.64085094606503,433.73338931195144,432.3900903215114,432.58091529409376,1922707.7841631314
40,432.4734051092062,432.70127950955754,431.22401963231573,431.58193389275766,0.0
41,431.1811889728749,432.07543832566375,430.7794536455254,431.7683815156776,1183121.884749694
42,431.81917311762635,433.0158507121188,431.7227337383906,432.6222451474941,837358.5174972869
43,432.43319789236267,432.7418390620399,431.56884739130436,431.63913305779045,194261.4218915546
44,431.63661527238344,433.8776492507013,431.4366465972733,433.59739279706105,765802.2771240426
45,433.28165359693384,433.97389707017896,433.11821953989596,433.589198142486,2201138.1448115674
46,433.2560739322972,433.6754721935145,431.5294180556294,431.8076971117165,2894292.1549540646
47,431.9736517464833,432.67585573181924,431.8614350767719,432.25155507929406,2130300.33814232
48,431.8193035242148,433.96610025984444,431.5734980106638,433.6756067060199,1704239.8261630372
49,433.98456328012077,434.1959085399724,432.8707353279894,433.2277053811756,3175598.753936898
50,433.35214223939425,433.54271738535624,431.9072461474746,432.05664900483805,1272663.947305676
51,432.2949537692356,433.08337595489087,432.08913947518386,432.7420891971969,1135971.4442518714
52,433.1352979120481,433.48482457935484,430.01852880932074,430.3831394676582,2136010.375697816
53,430.81352260712583,431.1813659380272,429.99150537543125,430.40457851366955,2734438.155244991
54,429.9741739351559,431.16623286277934,429.66445753709854,431.0383344200635,0.0
55,430.89585700189315,432.0648749692873,430.80978581144154,431.643848828947,2854019.4330923134
56,431.61193908277784,431.8449348816838,429.2718569283587,429.2908857919079,1908056.3793959646
57,429.0546159324074,429.2999930963284,428.2585537636033,428.647112817839,680883.1395391335
58,428.2184657050212,428.36916631597546,426.60541970680737,426.680967735459,2913798.8987329295
59,426.7799683566826,427.1536176401945,425.98213678430864,426.28576005235067,0.0
60,425.85947429229833,428.4824575222816,425.81679583321323,428.2197326173987,956427.1582548398
61,428.44345646444003,428.91679518464434,428.1030896744949,428.5204920913916,0.0
62,428.4543122263095,429.56797899410276,428.28832575994966,429.5105606628945,2700642.676733601
63,429.0810501022316,430.8701128210514,428.78931359222685,430.82788555997604,2656268.5836349074
64,430.8540968362441,431.1972092171588,430.5275407308105,430.65380301539795,0.0
65,430.411516226913,432.9131209665982,430.29247705795,432.60759251088353,61554.36394031462
66,433.0402001033944,433.1204024130982,432.36844642769387,432.71869825183086,1501650.968196523
67,432.70579273423675,432.8369842901792,432.21838660406905,432.2785886619546,1698241.551351299
68,432.7108672506165,433.89692268812473,432.30545524344893,433.7919977100369,902630.0654174618
69,433.3582057123269,436.0024785764695,433.31317244870246,435.66123450793845,492404.71190282935
70,435.6229593368869,436.40534817233777,435.4431350384899,436.2967357556769,1579225.232145928
71,435.8604390199212,436.6467464303264,435.4953452767564,436.37315405226457,1306393.8270690641
72,436.45682226818354,437.89570187523805,436.4409584203202,437.59308027271777,1494644.6785137516
73,437.15548719244504,437.439593546082,435.10777233832823,435.2076869769736,1652961.9467173403
74,435.3108827471218,435.8322164875389,435.03784526283965,435.4326005258562,0.0
75,434.9971679253303,437.0313575543662,434.86905104324256,436.74232944413,611252.2746305817
76,437.1264275733162,437.3058326599598,436.92317297289156,437.2507949032419,846596.8024149344
77,437.00933469152926,437.2286444001583,434.587142804298,434.8672674624721,1277609.522771577
78,434.6352056670962,435.68921951585907,434.45671815749176,435.63339473976475,2653282.8705009054
79,435.41211193631705,435.46735528598884,435.10341448899766,435.14771812243544,821117.4852735583
80,434.712570404313,435.2555728419741,434.2908847098399,435.24311531571897,0.0
81,435.0434849829314,435.328945505848,433.5227093743525,433.6291716408552,149070.72709766403
82,433.19554246921433,434.56390320068004,433.02643839766466,434.2024372312069,1086533.718127668
83,434.057770799937,436.4179269522745,433.8398016499525,436.1723261648157,2204015.5437356615
84,435.73615383865086,436.1395732716409,433.6061321803811,433.7946776380742,443247.78255253285
85,434.2284723157122,436.15188919807593,434.1936622817438,435.76271664860286,325547.55968068773
86,435.7507977527512,435.89995113217657,435.3376210920457,435.42505671018523,1336282.0790530855
87,434.98963165347504,437.4176155543057,434.73367014232207,437.40049242192134,642756.235088342
88,436.9630919294994,439.66693689772563,436.6358307171517,439.38489028728424,822674.6856100296
89,439.2315406187605,439.4662760358903,436.9113223491696,437.1949517519324,0.0
90,437.6321467036843,437.830569338775,436.536963334187,436.8340662945646,1612036.8018527841
91,436.8163878630619,436.9390908055407,434.15216409338336,434.45281051135544,1240649.082171242
92,434.8872633218667,436.1156370291358,434.62331001166365,435.8288032174141,1206092.9313010282
93,436.1778257910911,436.2252862333454,434.25843188238116,434.26618206009715,809973.2773231562
94,434.17540636697066,436.24317354024896,434.12852049006045,435.9028881224785,0.0
95,435.7315473692562,435.7610818642352,433.7514226265704,434.02652674441447,1785256.0160867125
96,434.3340226656874,435.8659383564004,434.21014345882185,435.546997339681,1319445.4753643875
97,435.92307789975644,436.65486542594397,435.5549345902387,436.5097823414577,1134609.524507796
98,436.6942153947109,436.6964162939249,434.9317364431888,435.2381013575474,2268257.7046830724
99,435.1044744621073,437.39411501016025,434.7284374740103,437.09393554309656,1803639.9004565314
100,436.6568416075535,437.0914946015662,434.8318367452454,435.165059573756,232136.86757933476
101,435.377701559157,435.64367132578604,433.82608415034116,434.12149072650146,171939.154324127
102,433.8731840437944,433.95160082579906,433.66071318224056,433.6812958569014,863020.6945579442
103,433.56537859627264,433.7852026192348,432.8342375383167,433.13876571755605,1588042.334672148
104,432.7056269518385,432.86107975792214,431.4953368736533,431.8852584203748,2125759.494522732
105,431.8186073939989,433.6174399700635,431.4689849913946,433.4665852927191,1037763.3754133966
106,433.64093442289055,433.79820954903545,432.8241461618146,433.2462423786948,1199958.8472873063
107,432.89375102407575,433.12832495361135,431.38848825603765,431.531526403756,1638875.9784638574
108,431.3253947448833,433.51414747686584,431.23276214250313,433.489297953328,2099464.8136194963
109,433.1006795763197,433.4657506082999,432.79590724307735,432.9691744769159,0.0
110,433.40214365139275,433.68457887044616,432.48905457825276,432.7392203382188,17338.883415235206
111,432.52044570413506,433.0497918889458,432.5072974292178,432.7942266230791,1180828.2056525652
112,433.22702084970217,433.41410144658556,430.3355441033322,430.43499268368487,0.0
113,430.8654276763685,431.11972990472617,430.41662200468176,430.4445793851429,1315844.3449191088
114,430.01413480575775,431.585294510191,429.8157957925343,431.26499667652996,664979.8336062664
115,430.8937859136069,431.0744938160849,430.12074025342343,430.1424922803884,1094724.36398222
116,430.0884748285497,430.22497323205545,429.40971344623966,429.47074407885856,2586363.6069672424
117,429.0412733347797,429.3970366142265,427.31752932517065,427.485706406201,1323435.0273751793
118,427.05822069979484,428.7249829742379,426.71318469464114,428.3268113441192,897224.351327902
119,428.4108821548472,428.82112501640376,426.69574784524576,426.9653040532981,2282236.1781477984
120,427.2255310349699,427.4675613692054,425.60267453482555,425.725233975613,398182.779188024
121,426.15095920958856,427.22443546644706,425.7977508911283,427.0846804369248,1114409.7520502643
122,426.6575957564879,427.8926017262508,426.5255948927367,427.6269973174979,1955142.8984413785
123,427.6210966283693,429.1435574810353,427.24842809641234,428.8062726407496,1100676.2340452212
124,428.6086214649394,428.7149419909926,428.23112561641113,428.5154593494314,1815732.320960529
125,428.9439748087808,429.5451444956088,428.7240138399893,429.3919397216134,127583.20526932331
126,429.82133166133497,430.5293351371675,429.5902639139352,430.13051456628534,863237.701213934
127,429.984872894704,431.0027940598571,429.5949243883379,430.9586247619615,143899.19310527993
128,430.8882839075755,432.16205630981335,430.8879334796164,432.0784453250758,0.0
129,432.06204148939446,432.07086817687565,430.15744535867276,430.4692855803822,2895274.2108868137
130,430.8997548659625,432.70651048625786,430.6132929687224,432.4222379574591,1604095.9976441008
131,432.76247491852087,432.8959050653997,431.1385971297032,431.1502522786193,1278618.836119102
132,430.7191020263407,430.96160945000975,428.44726982238603,428.79997991918697,0.0
133,428.3711799392678,429.35211757326664,428.27604055597055,429.0324296458119,588176.0403334597
134,429.46146207545763,429.7361689812493,426.43254103619233,426.693701892859,1745210.6823853818
135,426.4112305077416,426.5077767571434,424.42129238456056,424.75200710297736,1398790.3280529105
136,424.8452432231365,425.2413917584284,424.6868490234021,425.1577001059255,0.0
137,424.73254240581963,425.6811337396376,424.663293475817,425.3427185181563,1609710.5283129716
138,425.6275659805908,426.0382416574908,424.5504909868439,424.62805559508143,1733604.2688263278
139,424.89151568744234,424.97683816615927,423.0400023963409,423.2308878947158,2305441.9732777067
140,423.1275943640751,424.3902899210172,422.71205795177826,424.2458493693951,2504519.9369872324
141,424.3227054446985,424.57514124229454,423.1124409699868,423.1778202901416,1800647.1055679102
142,422.75464246985143,423.32376129052943,422.4445685883196,423.30986755145074,601593.7319384998
143,423.23992981858186,425.3113499865888,422.8910750569139,425.230339092086,1366416.76105658
144,424.9740389578214,427.25810235739146,424.95959753162595,427.0232633961336,519966.6487996435
145,427.2193969136634,429.16797117873017,427.10606220298314,428.96058186519053,2386487.128093874
146,429.3895424470557,429.69775367282665,428.42954594021535,428.72917279949326,1518816.7067441342
147,428.3004436266938,429.48895698421006,428.2041345646865,429.2235971582036,0.0
148,429.23105940604603,431.4211179809795,429.15351370692,431.170898098008,665758.3616398544
149,430.73972719991,433.2848623165232,430.6059331525251,433.12703354965026,1241846.5109883002
150,433.3853723109127,435.44856001064176,432.9639248814031,435.09204359352975,1821912.0992286229
151,435.2484425030802,435.48305812178603,433.76482602448215,434.1657433586692,693824.4595842061
152,434.5999091020278,435.9794401265519,434.41129656425653,435.8204126692458,1051638.0032781137
153,436.038771442848,436.370672894269,433.1656477049519,433.4557099095224,2837856.796499427
154,433.5879428039291,433.8061123020745,432.558670860098,432.61960725500234,846159.8251353806
155,432.3401176569492,432.38213615778454,431.72731280606405,431.7782036640311,1064907.920356459
156,431.79747419675476,431.95606508647563,429.2813988989904,429.4245082362452,2791883.03836031
157,428.9950837280089,429.8395376577299,428.6331358669913,429.6259524587099,1557825.863194563
158,429.81781994108076,430.02067587462574,428.5907215401418,428.7876833874033,234150.37681706552
159,428.35889570401594,430.42102344895795,428.2328773955656,430.05196986015386,1402930.211099613
160,430.2681762356817,430.342987800976,428.48148595801086,428.8743767211112,803472.4837109447
161,429.3032510978323,429.63368697064857,428.51894088754904,428.92471285679545,1622325.9888217705
162,429.1863101821625,429.58303585637606,429.09052839713723,429.41147339196175,1000433.7569020342
163,429.55942746098737,429.7985636745687,426.86764681058753,427.0706794079563,884713.0759318457
164,427.34551476488394,427.7279408081246,425.3537489977676,425.5544218859692,0.0
165,425.9799763078551,426.30926192075333,425.3453315175293,425.58383503021105,356158.45544137014
166,425.1582511951808,427.92468057935577,425.13959691479863,427.5146231029238,480944.55816518364
167,427.46057437048006,427.6479468965874,427.30129218209123,427.3832737990991,887261.9937545719
168,427.0108591006262,428.1677907119162,426.7255231186109,427.86088500648776,516428.9588244457
169,427.67358649360773,429.237675719641,427.39364050087875,429.18075724788673,1089837.1670408275
170,429.21457628252466,429.559524671038,429.05533959823657,429.2579765315886,1383575.1961975163
171,428.8821270380238,429.9164444769064,428.5700197050566,429.8183728837606,822059.9862159299
172,430.2481912566443,430.88770542428756,430.1452294097989,430.5788862554775,1706940.5807969251
173,430.3710547139627,432.42316899304944,430.0932793145953,432.3465750877783,895792.4458511808
174,432.6391444975438,432.9344835551525,429.8213758378181,429.98978137200567,1252877.0322695908
175,429.87787064699484,429.9674818801699,428.8511803316137,428.98084622455787,1169231.1520701926
176,428.87265483585725,429.5882834062372,428.72794164280396,429.1734082065272,2709191.0599808795
177,428.7442347983207,429.6856514652083,428.4521515589591,429.3113954545123,1533057.0849146398
178,428.8820840590578,429.0475734185643,427.8225263622726,428.19847891037057,1025492.1377899793
179,428.0616446361359,428.3446345217082,425.48179612920575,425.89696848621793,1873667.2829483978
180,425.47107151773173,425.830543371433,424.2046257808787,424.362983681018,0.0
181,424.7601251498671,424.81356853597117,422.7731581301775,422.8707489526473,4089.3964494431857
182,422.59993643682986,422.7754844532444,421.6233604773574,421.7549451592987,1234484.7761727492
183,422.17670010445795,423.6977598193152,421.9239301339399,423.61370990710844,2601336.352471917
184,423.19009619720134,424.2120991987406,422.8149092394595,424.0346591387037,948607.1719215644
185,423.65470307339814,424.1320509000265,423.4529221266068,424.0907053610355,539374.5546721637
186,424.1226049587816,424.38584969613447,423.59476308175374,423.69429672094907,736461.0345842334
187,423.75594662749813,423.79587550842604,421.2455800187335,421.57487656760975,2697749.566648003
188,421.15330169104215,421.51745820513764,420.7667213844698,421.5049439466769,1047702.2378685958
189,421.1862091931627,421.46841046400823,419.73985457841724,420.0771552773038,352006.6988334971
190,420.1553255992725,420.3360334670239,419.6334490304562,419.98455611536224,1711031.7444209843
191,420.40454067147755,421.8255661188664,420.33021074366314,421.55248286734974,169131.10301723855
192,421.97403535021704,422.33133858085887,419.33418046664826,419.628314673744,1610070.879801622
193,419.65564048334465,421.7726609550397,419.4881414050941,421.53208375108005,0.0
194,421.5696721197705,423.75849457136525,421.15386012905583,423.4444898449688,0.0
195,423.2687051893305,424.25204784318436,423.1268479111687,424.18300413086996,3025697.266565634
196,424.038499290114,424.2510094101476,423.4433723244205,423.62438910535013,2533474.211066844
197,424.0000503080734,424.8398184386439,423.67615447975606,424.78181616090643,982690.5052994367
198,424.82072424285815,425.3142664156489,424.70894213221925,425.07525060346046,381944.1071098605
199,424.650175352857,427.1614800631365,424.31940554567115,427.00373133114664,173926.79052588146
200,426.92991812970615,426.9915612280374,424.4779748509862,424.67606235306255,3167375.894746918
201,424.8039638330716,425.71212707524927,424.48332788405355,425.6875057658013,160159.6419533271
202,425.2618182600355,425.5476932205525,424.8989368083491,425.3062101436876,1998150.7324912813
203,425.73151635383124,426.9389188639414,425.5313343163001,426.6289908507427,0.0
204,426.55011607505264,428.30307204834304,426.36083004037624,428.12501832367644,1192175.1204148184
205,427.6968933053528,429.64863798451194,427.471600768855,429.6099139584762,1276436.3476795529
206,429.7176907404019,429.87382230594284,428.93439603043805,429.0300078561807,274081.7958246879
207,428.60097784832453,430.38424054297093,428.3073915525423,430.33133975858783,1697373.28924968
208,430.0447560376575,430.1230374107168,428.2245752422288,428.6435754188465,289622.9238836486
209,429.0722189942653,429.3629553844788,426.0492663688654,426.3069673755231,0.0
210,425.88066040814755,426.9200058427727,425.7966085265315,426.8220649790979,1248532.5022677383
211,426.87374525926094,427.3802528517842,426.7415741272776,427.3248676094256,1567774.6358700953
212,427.6317197862643,429.277459576301,427.5998716142815,429.2635543960026,1827507.3418366585
213,429.5158102365675,430.73320656347124,429.1163298317523,430.6830589948515,0.0
214,430.2523759358566,431.8248871028905,430.2334802956783,431.696600023734,818247.8432094911
215,432.07914545750475,432.2570026546229,431.7787590395262,431.9549351222394,2935114.193199997
216,432.3868900573616,434.1015938916079,432.30781599161674,433.91462759181877,1885749.4189567491
217,434.294646151141,434.80160257849906,433.98934911482735,434.79962161767924,3525208.705842525
218,435.23442123929686,435.60531449074773,434.9039498526637,435.1170649672312,0.0
219,435.49081328192733,435.5463490197398,432.7331624674063,433.0729969372144,1166771.720087849
220,433.5060699341515,435.3044635189923,433.34248083804385,435.0377618278756,519900.1836400615
221,435.3880167245649,435.80530343843157,434.29269755387645,434.7108214599191,1594893.4402435662
222,435.14553228137896,435.2003219137197,433.5693617823255,433.68502910142365,484655.0834114611
223,433.71696985114454,434.6033018243145,433.2935122229228,434.4492804809704,2477603.4630241385
224,434.16935152887817,435.656060250715,433.98624164657116,435.645116853866,2675953.438301665
225,435.9539840960862,436.97879387860695,435.86177879072596,436.6881548732334,1300315.244040733
226,437.12484302810657,437.55797978041693,436.289155675104,436.6388138372325,1880941.3168382482
227,436.2021750233952,436.44575597287906,435.0172394921925,435.22159064617443,2306423.7511960897
228,434.78636905552827,436.18158512822623,434.72466186498457,436.0814465724182,3229576.6819029422
229,436.51752801899056,436.9343739801811,433.4818511614713,433.7042934455818,1123440.9560020105
230,433.64445146984696,433.95138842440787,431.69480905034874,432.08639497509574,816469.564449278
231,431.65430858012064,432.1890730700201,431.5180816672771,431.92171614652676,2925459.7881893776
232,432.3536378626732,433.93665441698874,431.95662512099284,433.8812579083094,1381232.5296753757
233,434.10541317187375,435.59967825601586,434.033468947286,435.53826453419185,542824.0698064973
234,435.25770499717964,435.7429476381602,435.10472295269955,435.4860447245487,0.0
235,435.25199867637343,437.47842743975383,434.9180047270953,437.4617571266124,2006462.9394071982
236,437.0242953694858,439.81161199867665,436.64284488342224,439.4464329375911,2962019.7566855806
237,439.66735829370316,440.6603909579966,439.24065890782686,440.5910406338746,1188550.8010909273
238,440.15044959324075,440.6690882787908,439.9930472391093,440.3617818307402,1999919.4250545208
239,440.3000314061634,441.42516913513555,440.0873589445277,441.34918920908103,1259706.9199405084
240,441.2050788905586,441.5073335122948,438.75855577968014,438.94332073336074,658069.3304795098
241,438.5043774126274,438.8387400539836,436.2440567954003,436.5505670503352,768176.0871002693
242,436.8348630574233,438.83369033519256,436.5017047916847,438.44035103891116,1241563.2065478105
243,438.4336438299556,440.4625212840755,438.3522499318332,440.4294665332105,1346604.3605393115
244,439.98903706667727,441.084965248908,439.75311312191997,441.0613470993346,1108684.0948589162
245,441.5024084464339,441.9223671064323,439.23494093234444,439.35960449308607,1195351.2349186298
246,438.9248744914294,439.9526886338207,438.6990126098927,439.81392421043995,546953.2401568136
247,440.25373813465035,440.6477607722917,439.7883144296718,439.7964484573456,672260.4754925214
248,439.91070494721515,441.1209827166975,439.71535830080114,440.7768713930535,951623.6457584652
249,440.5301039934543,441.85375491513355,440.1808030553153,441.68244383389555,1156241.008479701
250,441.2828916416603,441.71521996114274,440.243510129835,440.51549770906433,0.0
251,440.5746794143342,440.6904402216367,439.35922424918067,439.5631342564045,1314130.6347236196
252,439.19887689831114,439.5796484894109,437.7373766442752,437.8813331547043,1240439.0200587406
253,437.67254234182394,438.09262255059394,437.15967733654196,437.5442654206377,1284018.768780716
254,437.32484048134665,439.8144935696498,437.1211616683333,439.52931555511486,3478822.8256621547
255,439.08978623955977,439.12449718879054,437.1552535733937,437.37780357541004,2694345.67643377
256,437.78523293167694,439.73284522338037,437.74276627047675,439.36209850604985,3344363.2642384404
257,439.6535234457446,440.7731194064035,439.3115244402893,440.4760951110659,1920223.0445858338
258,440.9165712061769,441.01528449753,437.9944137723478,438.07498601775325,0.0
259,437.7616012236294,438.46764189853724,437.62230506540294,438.248227231178,1561494.5117948414
260,437.80997900394686,440.2817509557894,437.6783738751677,439.96307048253254,254726.2552386697
261,439.75319612803236,439.983700098822,439.1354348954366,439.2129047029423,1263584.7919772405
262,439.6521176076452,441.42668722551053,439.40765614082557,441.10870475095794,295482.1699493531
263,440.667596046207,442.0301430520337,440.608708162593,441.7202630648399,1830921.7692917977
264,441.2785428017751,441.39142931648195,440.4154578124059,440.42722048278637,618133.978136816
265,439.9867932623036,441.22684115248865,439.94844156921005,441.0132462418817,1521550.3660231452
266,440.58120157279774,442.4760296192235,440.29195356795486,442.1809074245638,2521528.0651867343
267,442.62308833198836,442.91545820935573,439.7469378525143,439.7705051133132,1176565.980467211
268,439.34442391870846,441.3649892352674,439.0098158128493,441.1188880388853,2112101.581494221
269,441.36969905461666,441.63455235678475,440.69339435646253,440.9991446280625,0.0
270,441.15887255019993,442.40703364840385,441.0650668950466,442.3891281541477,995541.3479969637
271,441.94673902599357,442.32452476346225,441.8556531298034,442.14836518364643,1260148.311342858
272,442.2517006840528,442.66033085975425,441.33399871594776,441.34114945524857,1685589.892114278
273,440.89980830579333,440.9943418101523,440.6414536829798,440.6627251874886,2547845.2181286123
274,441.07678199798386,441.317589055096,439.8920983945314,440.04702958801016,0.0
275,440.185545823173,440.4452852213761,439.99177007897595,440.10658697336373,2028429.0574485622
276,439.7870970081347,440.62741698526924,439.52849979638614,440.38762146330777,1392367.4982031968
277,440.82800908477105,442.6513737483077,440.76732720950287,442.38030305595566,1894091.2919129513
278,442.06890992696833,442.4660524883701,441.60613339508296,441.6671546671865,902821.7406209639
279,441.404912924497,442.53717926828637,441.27066168564335,442.2073032935279,366180.77790401224
280,442.23899499873306,442.6345119277394,439.7627167183066,439.79675709396713,1044441.4198065475
281,439.35696033687316,441.79288894654024,439.0535139031534,441.7920263291214,1621785.1205046778
282,441.35023430279233,441.7965183899498,440.9383425729098,441.6828674800945,1486864.9466860946
283,441.9553327210649,442.0127867316998,439.19345184583034,439.27518006813756,1854995.5868865345
284,439.71445524820564,440.47824342603707,439.59424060821783,440.1260155096789,0.0
285,440.4111205058535,440.7067632168691,440.04235423253243,440.56709357579854,1966841.6331463768
286,440.18844559599825,441.287109739754,440.14597991167904,441.17384345848336,0.0
287,440.73266961502486,441.57061857824016,440.609149030675,441.2314051112668,29219.68873200775
288,440.79017370615554,440.8080690902372,439.80305087383834,440.0961293987255,0.0
289,440.0903059206532,441.6712578588527,440.063277535295,441.6115065523397,1873449.875609187
290,441.58063169532534,441.93151699559223,441.16805623632024,441.47787763078156,0.0
291,441.35737144944966,441.6627657575024,438.95635698003395,439.2774950168263,1363596.4059454703
292,438.8382175218095,440.78462050202273,438.76323666481846,440.57418338169526,1039277.2391425432
293,440.9452539378826,441.2462423939977,438.9426467355372,439.2959546892233,1302719.2911616333
294,439.1193451865675,439.300838369304,436.73638811358666,436.90127873934284,1621726.4628261635
295,437.33818001808214,438.4060111623091,436.95643309713614,438.1976269785725,1592496.7986733452
296,438.6096790734876,438.66823268981847,437.98346084125905,438.07018797553667,2569802.067425743
297,438.0464168122602,438.4328861527715,437.9323595841605,438.16365437885815,1572815.450046712
298,438.1721533065663,438.4165171598285,436.62468334402706,436.882006711653,2276023.238658317
299,436.83848390085035,438.0623459962072,436.42628452713876,437.77969762706505,2081419.3331799398
300,437.525245282832,437.92537654979674,435.36235562679326,435.4292289104655,1729593.4128062865
301,435.86465813937593,435.9022720329197,434.7533548214146,435.15107714295334,2702281.0258959583
302,435.2515815408077,435.4425222789213,434.6053952878731,434.9410961119596,454413.500354136
303,435.3760372080715,435.42614814868665,433.5529668520811,433.69079129106234,2714993.815939638
304,433.88057893391533,434.30295148390076,431.0508198008438,431.3266700272459,2988426.631924014
305,431.13113199184147,431.3585599249183,430.5204612353706,430.5435859060582,154701.74703972647
306,430.6158915717896,430.8741219322778,428.66874768787187,428.8146407869833,2710848.3548461413
307,428.46593949642266,428.8597015070744,427.765246876908,427.9668068017265,0.0
308,427.8076623979441,428.9539571615041,427.71352821864895,428.76913227923575,874759.2989431918
309,428.46380232159055,430.76234767102125,428.20501750002757,430.38154717782675,2204869.8833476426
310,429.9511656306489,431.02085848097096,429.9090389309288,430.86757755023035,1788600.8726684146
311,431.05670657342046,431.17428840466806,430.6311639331906,430.7060017643913,1321404.0740199331
312,430.59393236028905,430.8862579305839,428.2685541846499,428.35815108904416,2652249.0823669955
313,428.4436283900999,429.52603454039706,428.06065104573156,429.12285685084737,1111132.5310628915
314,429.22929786535997,431.2946552036351,428.9839485396531,431.069700752184,15478.352761119138
315,430.63863105143184,432.6403350987165,430.5317414251178,432.6300298580717,25566.135057855165
316,432.5369018426491,432.7085285886746,432.40049617662595,432.4055799550672,1076534.6431231261
317,432.69012442940135,432.9413572959368,431.4426757698152,431.74827396709856,0.0
318,431.58246334776265,432.53074192227973,431.44774822827867,432.11846825462254,2531280.5710013965
319,432.55058672287714,432.6686069723967,431.08357797344104,431.2266770123335,1407033.5447322652
320,431.40758695780113,433.6065825591825,431.0383722752679,433.18306552166644,1225638.7599722967
321,433.11960233938754,433.5401016194267,432.4152027452588,432.4185533783833,0.0
322,432.70736690524194,433.0185456114983,431.626337979712,431.69901879225176,1078795.3188684399
323,431.2673197734595,431.51382217324664,431.2667261622897,431.3328858775198,2317254.4539462226
324,431.76421876339725,432.10813696468887,429.7867363680264,429.81245444435496,1462094.1665392588
325,429.5238658152098,432.0073464036498,429.4187716353538,431.7624269109681,121292.80600939027
326,431.4363361069601,431.69244358366353,431.2988421505314,431.48303172123815,661203.6194121767
327,431.91451475295935,433.59599180250575,431.6270096563429,433.4405832602108,986771.7797644294
328,433.8669204126347,435.4900094225029,433.6470006677549,435.4070158159235,2445353.0790078444
329,435.3444817971277,435.7473002058833,434.9906107496548,435.17307127652293,1699255.8226297311
330,435.0146969441499,436.2587843139714,434.97897709289543,435.8323606936128,1334756.383181468
331,435.8046164592655,435.9085000503438,434.20797029851235,434.46060792433724,0.0
332,434.19726803383304,435.0132976408677,433.79212780787515,434.96232945294435,1128107.8075793835
333,435.15643579195347,435.26741083645226,432.4865919758982,432.853971744556,1622197.61603115
334,432.8537918884492,433.27432302445584,432.6482686616424,433.01444221011815,729108.546565792
335,433.0535347349104,433.43280226966095,432.0121861101793,432.21420284871954,644078.8665452225
336,432.1258773069021,432.60460330800635,432.0784927528838,432.4367535039103,2921347.202657577
337,432.2767748517681,432.32660508276143,432.1313361220593,432.1734938314592,513909.49059665215
338,432.36266677704157,432.6262955205601,431.5799987617518,431.70509736764626,305686.3112742314
339,431.27339227027863,433.0709059833876,431.1738767194353,433.05624915670194,1494611.6193775064
340,432.6231929075452,432.85208723139687,430.4378793867067,430.86714560671066,0.0
341,430.53192512802,430.8222082691371,428.49285457217775,428.5184165092438,385827.8792994949
342,428.53987164597726,428.89487072321174,425.82832451479544,426.18249072813455,2817029.320344488
343,426.39893157943897,426.7709449472928,423.44337843054205,423.8592984703574,2061987.858987531
344,423.79413307332493,426.0475889416937,423.76742001734124,425.7822626683205,1397933.0570035635
345,426.2080449309888,426.42447475202624,424.9143358601777,425.28416174497124,2186987.4866520762
346,424.8928706746191,424.9251423170332,424.3363498994619,424.4894011307252,1116852.199405046
347,424.0649117295945,424.06819456332966,423.89235370896785,423.98489437183,1483947.4283045423
348,423.62873644853806,423.67864157776137,421.4583718225845,421.67368158048276,0.0
349,421.9753289906281,422.1027562685532,421.1318837902671,421.30343899806667,1434788.983356447
350,421.636673954956,421.68357175931095,418.9780978246854,419.37741200051175,305537.5327068509
351,419.5877550091552,419.77550408958103,418.03428951384296,418.23127427575054,1383883.010178475
352,418.6028635267792,418.70699953751125,417.5033044595993,417.7272448293141,1495984.794062961
353,417.30951758448475,418.4937815476872,417.21223384943636,418.44824521112696,1317187.9788758704
354,418.1596848011544,418.73622518654577,417.7534370951157,418.46192175075345,538027.5101458902
355,418.35903739925095,420.15737062514637,418.1570965059349,419.91135315034995,572846.9979349859
356,419.49788459969494,420.82049508751567,419.0935162404319,420.45625228836684,1251354.020785935
357,420.87670854065516,421.48963203297046,420.6882338210229,421.1322185431739,1274372.7444682936
358,420.7981668420692,423.4101151896048,420.4871876643509,423.042810529217,380506.4866193922
359,423.1389687725263,423.1500034058386,420.59830213815326,420.8910993609967,1355812.0743290912
360,421.31199046035766,421.37282040783106,419.7535368805452,420.1532046417763,0.0
361,419.7330514371345,420.0681929745263,418.975200940272,419.3334625017101,1793767.3134380765
362,419.3495506546777,419.8949670275932,419.19732131265016,419.62612013512864,438908.3145877343
363,419.55579189326806,421.69853508785275,419.20872539551345,421.52987925628537,0.0
364,421.8101234938153,422.06985642106724,421.1727135568764,421.46394789706704,0.0
365,421.88541184496404,422.42703226631585,421.6299221421745,422.1598703281967,1511136.4076265218
366,421.7377104578685,422.1360400042129,419.9646293320532,420.068333192371,2289876.3698176034
367,419.64826485917865,421.70539306017855,419.3122866429042,421.6055051850875,580830.4551868513
368,422.02711069027254,422.23612030379815,421.1922029175013,421.3727781092898,1706915.5433913274
369,421.3791547253098,423.1734558949203,421.22931503386354,422.9102505483408,1173886.168567519
370,422.8505213050466,423.2365937272474,421.87203326696675,421.9272378925751,1864658.7615090958
371,421.997911643424,423.63051094068516,421.960698283339,423.3441293990364,410899.8945902847
372,423.1675079444599,425.51426500239165,422.77744826679003,425.26475637876786,0.0
373,425.5891511621776,425.72576786837703,425.484625362146,425.49343620430756,510701.83502016333
374,425.5540058516994,426.35636110664495,425.22568458374803,426.06764051583843,2113804.2099069185
375,426.4937081563542,426.5002656443854,425.7495175685744,425.8618455902574,202403.92219663772
376,426.0859083934015,427.37580347558475,425.80599828402137,427.1676707692086,422175.87436552753
377,426.7405030984394,426.87527876663006,426.2777094532739,426.31647083995193,60212.705998289166
378,426.5496014611214,427.06816681616954,426.2275282992617,426.85063330991824,554348.5077428465
379,427.0533616776814,427.7992658997713,426.91044870755235,427.3719715976815,1370546.174356348
380,427.3913413413502,427.59346118151075,427.29929258649884,427.57427304191424,567727.0886002345
381,427.90230479687034,428.3279990021858,426.72852526917205,426.80591582063715,509359.6976493567
382,426.3791099048165,426.41243897164924,424.7071353206434,424.9955114461655,2118534.5042279866
383,425.37317290940274,427.2306444138978,425.1171339113532,426.9236304133684,1974095.4642373445
384,427.14967834367894,428.8576316275477,426.93426622592165,428.6847815769122,867888.9008528998
385,428.86614088718,429.2470681619985,428.5277214311753,428.78102322448296,151346.9316534713
386,428.3522422012585,428.48812506969153,428.0185382400076,428.4737484279368,1409776.0789115059
387,428.04527467950885,429.9939078223537,427.72444675785755,429.8404883661354,318925.6408062811
388,429.8474985742657,430.9773996112225,429.5248460199538,430.84046709629314,497464.19329254446
389,430.90649641934033,431.0836482492851,428.34636769764995,428.49188342786243,2985159.58646129
390,428.0754730959498,428.8899918692748,427.6831192931526,428.5070736116085,116539.34042631683
391,428.37183215762644,428.67145501073554,427.1453235523216,427.23712541547343,560761.1988777982
392,426.9628127812958,429.2226064159476,426.770411694132,428.8792946853046,1076252.8742077244
393,429.2998458164987,430.33581309472373,429.0577924896058,430.3272427377593,1353328.8385827488
394,430.11562555406175,432.15771890487343,430.09271038266354,431.9832641699895,1714022.931641663
395,431.8754096153796,433.34338988127973,431.7077242019111,433.02031005086883,935466.6463985103
396,432.93352372766935,433.1261878298716,431.19829975595025,431.5940144574596,1160566.374922686
397,431.60741945682696,432.00805720642654,431.06305628275885,431.4256370911814,1094723.168167393
398,431.6986159502096,433.5943741878609,431.3192554279001,433.3829282422868,749884.5542688308
399,433.61864353819317,433.72597278548875,432.94927505297636,433.2074800528736,741555.6921828277
400,433.64068753292645,433.71949890594885,431.01744124743044,431.3112862319632,0.0
401,430.87997494573125,431.1019647100844,430.64828723229203,430.8306212339973,1296499.905257496
402,431.26145185523126,431.61799295489914,430.1936687082215,430.2444826308838,1022732.2501956831
403,430.1803552822632,430.48606563848807,428.70537185239806,428.7493744873071,1821086.1521297502
404,429.17812386179435,429.9038322426047,428.9327589228031,429.50362388289585,1196169.6944345098
405,429.40308084168333,430.32606018654525,429.1795767797066,430.232438748253,2193348.979734498
406,429.87433252173474,432.26581402999346,429.58540296158776,432.06658341986184,2029572.0980043127
407,431.6639156229841,434.2142435045173,431.25131507200217,434.02678241526206,1490433.5170761617
408,434.41966828601335,435.1356979899666,434.1677169528322,434.9219421681393,0.0
409,434.8197459448003,435.6569171151875,434.58066987881597,435.3051896607895,2189987.780078407
410,434.9684359547231,437.3983878016142,434.6979687943569,437.2800815598846,1885992.7319045481
411,437.6704824124114,438.71582150056696,437.3589011833618,438.4723517639709,1058600.4613775155
412,438.5525068348051,440.48782977850556,438.52580557904133,440.4616124391093,2147213.362332711
413,440.0211508266702,441.2927628363584,439.6090714058707,440.8999081868478,1382309.101910766
414,441.3408080950346,441.6947709592104,439.9286879940555,439.9787791255654,896300.7598021894
415,439.61971687639067,440.0274073614816,438.01936786068364,438.45009801387346,0.0
416,438.44935938497076,439.34890694509977,438.42712207146644,438.9946239154799,1048053.9635622487
417,439.36113531613466,439.5600453412149,438.44866198884756,438.49355028656254,433067.8950358331
418,438.1420833899631,440.717890091769,437.75365356303183,440.48290713512483,0.0
419,440.5233851809475,440.78858351436855,439.01053843965866,439.10572887010807,1599253.5888672257
420,439.49585231160864,439.7954851201148,438.40108490012506,438.64453575626004,1030729.7555648661
421,438.6964661059304,440.51973582239066,438.2742069050247,440.25564624763655,1201794.7108722026
422,439.8153906013889,440.6797577780579,439.674640415916,440.484195903802,2251569.957508798
423,440.88949674995195,441.5289889747266,440.4775105810774,441.1609350680444,853328.5583022078
424,441.6020960031124,441.92486678554536,439.95275745686,440.1502660843819,1507085.145687968
425,440.10976737819874,440.1913948172767,438.34023757421915,438.5174506680004,875219.4405278806
426,438.3936078519793,439.90629761959127,437.987028767358,439.60233644496594,387094.4501093577
427,440.04193878141086,440.149321416735,439.5710588303745,439.93170498242546,1637774.2260637556
428,440.15373815366354,440.548878001748,438.94400323474525,439.1345464223058,1968945.7753606439
429,438.7822430806962,438.8832879156486,437.7861662857362,437.8457380077076,229885.54114634835
430,437.7564429812326,439.8620246391682,437.5175998425342,439.6215084492472,2685472.577789449
431,439.5313885118976,441.56262250994905,439.18800972776313,441.1715268979237,2454511.0821708282
432,441.61269842482153,443.2168381213026,441.40169344345134,443.1730331865601,807940.8762900773
433,442.7298601533735,444.46216088464814,442.39203866105345,444.376439178238,1191815.130706673
434,444.8208156174162,444.91055035296665,443.71678295563726,444.09864608231015,1590711.7625812448
435,443.65454743622786,446.26435309547344,443.54034828247916,446.1134321206537,338831.96605410264
436,446.1992604767638,446.495577550132,444.08164803388667,444.474134434218,502193.88454830716
437,444.64456459878636,445.89455084651837,444.49789149071415,445.61242020147995,2632259.3818367952
438,446.0580326216814,446.90626710389665,445.78635819722217,446.78410977285586,528142.6214516059
439,446.5535007320356,446.9650614670073,445.16280192511846,445.2910435710922,2585628.3434736882
440,445.0850724601973,445.5117377307806,444.17610562194267,444.2448931035566,970010.9403487492
441,444.4244006148865,444.62999341761207,443.1712093066785,443.3883869556118,219236.19746340415
442,443.71416057293754,443.8550952053047,442.0822613579088,442.4624302002114,715548.7567513641
443,442.29221023736574,442.4585301854378,441.8089176785672,441.95712757492464,207663.35121654707
444,441.5151704473497,442.4693628094242,441.0881808270649,442.36020057184345,0.0
445,442.6002209094567,442.89151876660895,441.7238593653448,442.11039570582506,3911326.062413305
446,442.5525061015308,442.8743143243369,439.87847866733176,440.18843363357183,2491689.599782005
447,440.5023650479662,440.70298628758366,437.3551204186875,437.7888926312341,2189695.3852184825
448,437.48559494621344,440.08772914511945,437.3121319075454,439.7750525900551,3077841.5915463185
449,440.2148276426451,440.4547686848704,439.3233707398408,439.6126182516726,0.0
450,440.0522308699242,440.3336986615853,437.92426699576663,438.0348210996072,1769255.5190963
451,437.7776143588845,438.4901164945179,437.408729815642,438.1408919033333,983618.8338631908
452,438.4183147929348,440.15248375013965,438.25146692436607,440.1286488118978,1542174.2043036055
453,440.05978266872717,440.4034912023276,439.01389159285327,439.3346699634239,0.0
454,439.7656405315409,440.59932218557475,439.72969616525165,440.3612625151966,0.0
455,440.73422955935143,440.7345634968956,438.6621937321406,438.9888035773452,1672900.9461942334
456,438.9434628958022,439.2375452575581,437.4534460710475,437.53698523326915,1379365.064565155
457,437.9745222185024,438.29703625225494,435.3145751035121,435.4211443229287,2658508.692021557
458,435.8565654672516,436.32326845580366,435.4413859426933,436.1198760201006,2457287.5048971362
459,436.2681508686308,436.8952654619615,436.21665755553636,436.6309299763647,1637861.9430993483
460,436.6396774801659,436.6463683870331,434.74163887222716,434.94855143404084,694418.25315876
461,434.68120628355433,436.105991196755,434.522424380946,435.8440068748827,638242.6064879885
462,435.4081628680078,437.31981564448034,435.1832221333531,437.06102052044196,51892.07245560922
463,436.94291280023555,438.2106819546894,436.93712305203377,438.05959991034877,561204.8536672841
464,438.23783013712267,438.4014159251929,435.44766909442507,435.6716635377917,281145.8935540285
465,435.6572433767014,435.71372888022825,433.3771766911369,433.71429590342643,184199.5664955282
466,433.76995531340725,433.9478903009144,433.00067759411843,433.2005420539358,0.0
467,433.60404573130756,433.8886011361409,432.4307574687346,432.7754231936886,872193.626937667
468,433.2081986168822,434.0538175267434,432.7947722027392,433.8688824452253,0.0
469,433.49067887355824,433.8002219528332,432.9483219544285,433.0265586727728,426081.6440889096
470,433.3659003030781,435.07588252678283,433.044322884203,434.991112882389,0.0
471,435.322936614967,435.51916409618144,432.9140876434948,433.04681484061496,778590.6538166741
472,433.2265294835034,433.4875915932144,431.98065645400123,432.21778250076005,0.0
473,432.1558152974693,433.0330853262938,432.0371943341279,432.88458112335735,2174391.719362544
474,433.0218254499239,433.05395117635584,430.4612523041034,430.52485464642325,295675.71506464446
475,430.9553795010696,431.29260114646587,430.5213570434767,430.8155369402991,0.0
476,430.66624397776724,432.3189529827481,430.2360951879013,432.14976716033215,1139405.81228685
477,432.28219765994595,434.2820874440231,431.95361628494817,434.1103435435952,776886.9504037783
478,434.54445388713873,434.6677963720105,431.6201836328466,431.7439352300617,2429891.450567902
479,431.4595546278467,432.23510590244797,431.15653952587314,432.13701224477484,393805.61844809435
480,432.1298946106838,433.90766650053246,431.8976768322105,433.6766698174279,1634552.742299256
481,433.2429931476105,434.69218400294966,433.0526336070973,434.61571811269675,1943768.7076873397
482,434.5335344608479,435.1485946218087,434.40681877299784,434.93321217808875,0.0
483,434.5450778997803,436.586997922985,434.4293896586971,436.19694681032126,21236.96745473938
484,436.28556757781024,436.48564716825985,433.8077961408018,433.8191640723105,0.0
485,433.55959800783523,433.8068252645913,432.07288594040756,432.424640832098,717662.8838348382
486,432.85706547293006,433.21120963310966,429.6910082930224,430.06742156685596,0.0
487,430.0007595224061,430.0386873221404,429.66708443298677,429.8557259688368,1672243.981451421
488,430.28171782769726,430.6371007179568,430.0073764281968,430.33986723832277,2328629.0734027233
489,430.50118109295255,432.6170784113977,430.30644863586065,432.2922324704692,343335.5406808349
490,431.9599606378811,433.75350932523867,431.5331543007932,433.44819538083647,2821504.267434424
491,433.8077394363545,434.83021700046976,433.69024738711124,434.5044975437106,1322935.25901603
492,434.0699930461669,434.18730990462564,433.89365668858875,434.11020192631065,440182.9512232798
493,434.5310284405128,434.802606379752,434.43532441447553,434.56476020539117,0.0
494,434.1301954451858,436.92428196618357,433.935223141032,436.53629292529877,866154.8013766273
495,436.89238846606656,437.21527516345856,435.6150767263995,435.8583114013091,1658913.2004377127
496,435.6719780881494,437.053527186596,435.6600356945408,436.75593756417965,2008571.1454393712
497,436.9426356904336,437.47813938790665,436.92925780728825,437.4500027062554,1797397.9516003951
498,437.53707501231645,437.7164661092446,437.2599922268781,437.4742704722202,744698.4635451048
499,437.894347109599,437.9168195099312,434.9754458290098,435.08952482863134,2187093.9797051493
500,434.6544353038027,437.24268118538606,434.46351854266595,437.0634382998555,0.0
501,437.50050173815526,437.94876531387956,437.13604533407414,437.72821548984604,1350459.9114498342
502,437.69859019642035,437.9691615367483,435.8770067344192,436.02803032433025,607355.6650878994
503,435.7203446775853,436.04863911978345,434.67498931916515,434.86666375369254,1463091.2894417702
504,435.3015304174462,435.4275851628271,433.8077913872164,434.0055405363252,364784.00024815253
505,434.4395460768615,434.5845731085545,433.07610715597275,433.0969442135923,3010015.483681729
506,432.66384726937866,434.34347579817717,432.5500445470725,434.23589969843994,570498.8782213046
507,434.0661304701885,434.33078473947035,433.3960276665324,433.5950716270497,794771.7161034928
508,433.360697003247,433.3683201100763,432.9505661096073,433.08510944910466,1369513.3542919066
509,433.0908810898119,433.4446622892735,432.844679740302,433.04045631985804,0.0
510,432.9890193616527,433.16355988586906,430.643761323236,430.6798801410766,3674447.8320120624
511,430.84293763306283,432.729219406114,430.8033251135844,432.4694616946275,551594.4427271675
512,432.54850778364494,432.6202216083415,432.38027771935174,432.43659841702384,1920538.1686083793
513,432.4310926019055,434.506135845644,432.2211727726662,434.39847609588065,1542341.8476131137
514,434.8328745719765,435.07335900359084,432.7691057900679,432.93782697700914,2813256.130331026
515,432.9654556502456,433.0137845217616,431.3941033356375,431.68346075007264,448398.34723954264
516,431.7903748654585,433.1941036982633,431.6343530833424,432.7621099176294,0.0
517,432.43919248318855,432.5140042184855,432.00657296761767,432.04028898942664,857811.536649859
518,432.40392153677766,434.1755949537032,431.98205928266583,434.00036869229626,909972.9222876239
519,434.2208136354774,435.17318059407205,434.01577843455095,434.7580563529845,1063419.788724467
520,434.81873044155725,434.8343995113854,434.1877646569888,434.5451871043033,0.0
521,434.58075076952986,434.68572880869306,432.7084957150878,432.71484699241944,447557.0808032546
522,432.96511260269216,433.0918381222185,432.79267991024733,433.0274180650735,1167477.1405690096
523,433.4604454831385,433.68645626200356,431.29464467718117,431.7242150433026,1717312.6464625003
524,431.91543781284327,432.3535946135811,431.83992624313896,432.2388894275036,1395567.9531756458
525,432.67112831693106,432.9764622573101,432.5280471543212,432.8044755954128,309269.22943203396
526,432.62380758397296,434.87289982812933,432.50481736408534,434.7680222588733,484115.7860194739
527,435.20279028113214,435.47506728509023,432.857671994371,433.18583168295356,1482615.1574123723
528,433.5343599445737,433.72671576531025,431.2502355629788,431.5275491899535,168686.67628881335
529,431.2118474040338,433.8025673770602,430.9450870934444,433.4853026957082,3873440.6221698457
530,433.06360928931224,434.45331138155757,432.8002571670522,434.3415037239831,451266.8249553755
531,434.38133369441596,436.3384557024767,434.2313783288501,436.3120235742374,650794.7992392929
532,436.1893141691286,436.520119412428,434.29017432371046,434.60285674621787,1068858.842642343
533,434.74323325675687,436.1793545551564,434.5433641506113,435.9189646600669,453265.3739392172
534,435.96429051765466,436.23373017959636,433.5070610314607,433.54269724939434,860117.9239687229
535,433.97623994664366,434.24151772522094,433.1160274375678,433.15171719096463,1025769.0166387436
536,432.9385079243443,433.49317637961275,432.53366067661705,433.2645623098114,2537611.180159155
537,432.8312977475016,433.1286547332798,432.7177748941822,432.76404591858073,1252630.2165381722
538,432.33128187266215,432.65760500341196,431.17738056698136,431.5524374738132,201965.98497841624
539,431.2549703097423,431.5812634751696,430.9001229704663,431.35219195122187,0.0
540,431.49728251716124,433.72613527950676,431.26445981436063,433.30914989653195,2211755.6968245134
541,432.8758407466354,435.3303823936597,432.67897690084857,435.2749861655672,1345422.9873308714
542,434.83971117940166,435.741231220086,434.4397793381897,435.5752898542785,0.0
543,435.39279160613694,436.21067592725535,435.0879287073728,436.04535887702116,1646337.2656119934
544,436.0119889737982,436.3955646444599,436.0113711292746,436.24449332653063,2753921.38455047
545,436.3965524211782,438.31161919186934,436.211827585329,438.22364665701764,1316381.809241837
546,438.1765598150593,438.5638521803328,438.08630007311643,438.39446640737924,3122179.728858698
547,438.0526221941909,440.55438639536277,437.6990709116184,440.3833737323544,0.0
548,440.1545124945117,440.4089995825888,438.7418663036725,438.96628319801675,2499194.5131748
549,438.52731691481875,441.08822659415574,438.3880477340305,440.8451846614874,1559330.1336931095
550,441.28602984614884,441.4229637591883,440.67133183970026,441.0035830637796,1176199.7659251634
551,440.56257948071584,443.23604453518027,440.3323049302403,443.0043274250937,791326.7817691556
552,442.5613230976686,442.6317507880335,442.3315194691458,442.56756679461836,1207311.3999199488
553,442.12499922782376,442.42545034915514,439.90071260639735,440.1550567382716,0.0
554,440.5952117950098,440.97415453897435,440.1461676921254,440.5818815407724,3172097.4718445307
555,440.3088149519328,441.24227537579475,440.27399335017253,440.86218113166785,2076688.230315288
556,441.30304331279945,441.54902109357903,440.0451326208792,440.1273069215034,799206.7650895114
557,440.56474045043325,440.7856877530652,438.9329190552833,439.0524681722937,1149147.702755899
558,438.6134157041214,440.88498895607216,438.4707913004319,440.64483527062595,293447.7619726176
559,441.02339726130174,441.1369917682777,439.6728795859365,439.8927095763394,1735450.9627454472
560,439.77664728513923,440.1201625072136,439.7623301877663,440.10797839197875,3035402.4221348497
561,440.5480863703707,440.9854277788798,440.19518770074257,440.8258956647479,1435996.9109673498
562,441.10856782066713,441.37025200866196,440.13473209793665,440.56067787791955,220008.62760328245
563,440.63402341948137,440.69080315334725,438.66428167890774,438.93812830685965,2907266.7649275986
564,439.20094648267155,439.463444443316,438.0811982306949,438.43200982716456,1959506.693311975
565,438.595348488025,438.98796266367003,438.0665408507149,438.4741190057669,510435.60479099036
566,438.44798977526824,440.5273673713012,438.13267267476675,440.4633876985251,1408660.143289761
567,440.0888445067045,440.2236276039756,437.8621539319178,438.2292212541863,1070843.457132951
568,438.3035778168769,438.9818590913647,438.2096990254812,438.8001316016362,1495861.7312351202
569,438.8248880825131,440.3544725362698,438.5606805156565,440.0368268253642,0.0
570,440.2602832055406,440.40819353567326,438.6010700567621,438.9984144754141,407820.0787933816
571,439.43741288988946,439.74695724005016,436.9793017285132,437.2704450307652,2366210.414668797
572,437.0749370780821,438.83019255323745,436.68637857399216,438.7801969220387,565274.2423781902
573,438.3414167251167,438.5649731817555,436.43867969288766,436.85965475262964,762985.2485009744
574,436.422795097877,438.1153599438015,436.3581724891404,437.8473767020652,393005.4344286339
575,437.82387967034134,438.71644464974077,437.4424999102653,438.59309819826706,597896.9895323488
576,438.93945793392714,440.9141254664532,438.55393211961484,440.5829066756384,3047571.7802583817
577,440.1769826051384,440.2862113435058,438.2602468219105,438.67195908201904,1729209.7998818588
578,438.732911510485,438.9055147462303,438.14961637432117,438.54792091672596,3174897.366279365
579,438.89484101932106,439.21395021291306,438.0326610187476,438.2076327548992,0.0
580,437.80513980287293,437.9883404756109,435.69559912864963,435.8188894304709,206101.19756515638
581,435.64023542708145,436.014669035773,435.13591726625907,435.4195198961241,558831.9857088443
582,435.72397024425027,437.0408518980987,435.66604430987024,436.77692051529095,3301956.826902406
583,436.51935753343594,438.88036200015125,436.42682089142534,438.75848936060964,896983.947061673
584,438.55604080005685,439.7069294921867,438.2817688622389,439.343628592916,3795821.473202393
585,438.9881086066669,439.96628572968,438.76650309104457,439.6386536718984,0.0
586,439.95866317144595,440.17520484291794,439.9178452970609,439.9710203247097,1371568.9584691685
587,439.53104930438496,441.31476377745093,439.4986170491601,440.88781523583106,0.0
588,440.4469274205952,441.3787932538215,440.24304555500413,440.9419181791758,0.0
589,440.899673539307,441.32435432637396,440.65851361099243,440.79093898994563,119630.88934903813
590,441.2317299289355,441.508221223951,438.5707662343093,438.7361702490129,562014.8277697852
591,438.6480205318896,440.9984581597974,438.3067345629368,440.72662781543886,1454306.4766783216
592,440.80503378440505,442.92560574978893,440.62622581978127,442.5725411400056,1122395.4138423903
593,442.699764633176,442.7771103327062,440.2897213310319,440.46388058868934,879992.6824784118
594,440.6061513951624,441.148768971292,440.40265801114305,440.916474353381,693278.9622069303
595,441.0824135157357,442.98339363157226,440.89754654449393,442.9168235200349,0.0
596,443.35974034355485,443.54952508820645,442.0629166689439,442.17513305443055,2220473.406511996
597,441.93029763988415,443.54001280104336,441.51802721482983,443.47014921170137,906513.0429882996
598,443.6540706269434,444.09434228813126,443.5192537097456,443.60199196870695,2463973.0143589955
599,443.4528888837993,443.8493517129177,442.3964625981083,442.6352769814063,1804326.205650879
600,442.7245750982648,444.97667380578736,442.56404780387123,444.6434240091169,1279088.166941092
601,445.088067433126,445.2235882186557,444.65754509687173,444.91718526252595,2221867.5158360144
602,444.67222993649415,444.6940222667257,443.3302142634708,443.46629347994025,812626.964535275
603,443.90975977342015,445.52211459486614,443.7489319825966,445.478210661993,0.0
604,445.47027611374637,446.2711886881987,445.3322147346567,445.83403082194644,453240.867223145
605,446.2004796083725,446.2208583431612,444.1673595446953,444.46342621377823,894265.5527173543
606,444.83140497921835,446.771857390404,444.6044605684882,446.47986718604795,0.0
607,446.0333873188619,447.3017591360147,445.7622363402814,446.9266252722732,3311582.4917165837
608,446.9472470051145,447.06533548690754,446.05106794885825,446.0815145770483,863921.2236406079
609,446.2900189012131,446.87288220699594,446.27519560032897,446.67498831246473,256892.19507523673
610,446.2283133241523,446.6167994012882,445.00993312838466,445.01520926383654,820318.3541505607
611,445.2068024302667,447.3544967930605,445.0460155168817,447.034153564579,874938.632077955
612,446.72703683836784,446.9673998934697,444.69319026647105,445.0845963544591,471709.38517947553
613,444.95196971281706,445.05378994680393,443.2503842311098,443.31525240792985,0.0
614,443.0074289795756,444.00437926132383,442.8630707985592,443.856733977851,2328813.7929196535
615,443.41287724387314,445.9855910545403,443.0778284764018,445.8704225097399,853605.0921834146
616,445.42455208723015,445.92600086152663,445.1463610357218,445.62001763630184,1740740.6724026816
617,445.5666259836539,446.7654594432305,445.4617328185355,446.32333592969195,2158910.177687888
618,446.02787467067145,446.252461636934,444.75093188961023,444.9623672045589,3231603.5244822586
619,445.2199843742961,445.610691883431,443.0859001891972,443.48259941757385,186359.96532345528
620,443.77421129820584,445.44586268533055,443.3642963444423,445.30226189165245,329694.363921253
621,445.3658384579639,447.6988525468845,445.19107052662895,447.32250849230485,1191087.921831214
622,446.87518598381257,446.91964018755806,445.86539571701684,446.3093490727937,2910923.780229688
623,446.177874271177,446.18953375063114,443.6731792931196,443.8764419334882,601912.095769223
624,443.9130440605439,444.3084046697414,441.36212284034127,441.4567969791689,1306100.7077729132
625,441.89825377614807,442.1179552138954,439.37465854968207,439.41866470041265,2251410.4940688815
626,439.40822320900224,441.20861475802064,439.24765491503877,440.8768563744802,911502.1766644868
627,441.08367245086566,441.09947014872296,438.68172428713643,438.8436621473675,167584.678389907
628,438.954526417039,440.86945741408516,438.6355080751317,440.8346073828687,1151128.599051076
629,440.57958070215625,442.4923636885482,440.33831284371786,442.078279170461,971629.9323733448
630,442.497948043467,442.7349728624225,441.57954693779635,441.9904954282729,884328.1009090451
631,441.96766850072277,442.99800024272236,441.7737657946145,442.8616353338614,61743.86521379324
632,442.84868813236324,442.93702548976404,440.3525704733633,440.6719824301288,2451482.76568958
633,440.46351516793953,440.68309430717306,439.34192834211973,439.7152799912454,2019286.8162707002
634,439.7285843302642,439.9882217364421,437.3197886853202,437.37085026332903,371681.8814358495
635,437.6963418953318,437.97260204738615,436.8501565282436,436.8840675401265,504884.61855929985
636,437.3209516076666,438.9101817193446,437.157551982733,438.86612248989877,1072036.0345444267
637,439.2581751030055,440.7919565152272,439.1404591128497,440.6929664503622,1630534.7709853947
638,440.58191271847863,440.8301383673961,438.04692965683967,438.29067515499446,2095352.8603709918
639,437.87094927310335,438.6198669304623,437.52952608658336,438.61141738980365,143694.25311626133
640,438.8354944432753,439.1828546554128,437.63162892535655,437.87977793999534,1655530.8107004992
641,437.77432496272843,438.0990152525455,437.2137906290379,437.3110550992238,3704549.216706157
642,437.5182426814944,439.348422769049,437.39920210194236,439.2950472054819,3301500.0260234373
643,439.03971568822226,439.1001225315391,438.95498509049037,438.96224995339713,178195.95979440783
644,438.98067825876683,439.1175234826929,438.2495770668705,438.5287153262151,1240026.2925611893
645,438.27632756475623,440.69927666962394,437.97382667960295,440.5182317114739,1822377.6119871254
646,440.6000585066889,440.9941410077026,439.89264130442115,440.2592658499811,1033422.4976703399
647,440.01489996585167,440.22796660777414,437.96889675681416,438.31683898253556,372059.4295966466
648,438.67963674197006,439.8016487761563,438.46389268405557,439.6847194948303,1928501.5566040883
649,439.985084836029,440.0333802905473,437.9550101548885,438.31402612694,1254249.233975675
650,438.17368208481025,440.6859051020768,438.03533780043097,440.30256851057754,765653.6453112629
651,440.1081677664212,441.40982411233625,439.8826549961442,441.36608850400796,131304.2158425704
652,441.2874612078177,441.48611866923056,439.88435111486064,440.1207782851178,1455928.6841478553
653,440.03313812608997,442.12556084712594,440.01068746737553,442.117517539102,2062150.5139944898
654,442.559635056641,442.9571339036805,442.13446858315723,442.795822026049,0.0
655,443.238617848075,443.50920698538783,440.0586973441072,440.38206771214124,981316.8454121801
656,440.0034398524007,440.2805166610843,438.37605989202973,438.6019925322398,289400.99158980616
657,439.040594524772,439.4732314749896,437.1205664579303,437.27488466711105,1532341.1475950973
658,437.43112828336916,438.5046410751,437.21830622334465,438.10853348967436,3668671.940866601
659,438.1088519449984,438.5350294781108,436.52416268310867,436.5946586323663,1408453.6368987812
660,436.70113321298606,437.7561166543125,436.3932163018597,437.34964770887024,0.0
661,437.20940486825566,439.32134593664534,436.98139120331996,438.89496338793754,679167.8531124213
662,438.90586781922275,439.0124878015909,437.48473956588384,437.6334161499949,611481.3310043034
663,437.27429289982996,437.4980078012177,435.201957392479,435.2478029766165,884735.3398283758
664,434.9680240364489,435.38699654416365,432.7400491167411,432.8751941808816,615420.690846611
665,432.4880278287909,432.6370131385079,430.45362644689726,430.51551887374575,552132.0672981555
666,430.5153465984781,432.56362474847225,430.20663656364576,432.45313339074704,161473.2212519159
667,432.10345299059554,433.97715890878436,432.0906399640985,433.6821485414295,0.0
668,434.1158306899709,434.35558890123923,433.1282302302953,433.5435465467967,813804.3604481874
669,433.6783633367422,434.1791913645138,433.51198862582356,433.8504903357042,615502.0869622804
670,433.6142736307374,433.73958073803993,432.07000650785983,432.22594379876494,1027430.9348158382
671,432.65816974256364,434.3997343782301,432.4370421060744,434.145692627088,1813249.855735513
672,434.57983831971507,434.5851687312743,432.16019649381775,432.39756042723394,2692240.653766973
673,432.42509572047663,433.64544415005804,432.1785677349959,433.57276857955975,763489.1772248705
674,433.4796657805705,433.52767672791026,432.1812884520787,432.3536859480442,1469879.923744346
675,432.7860396339922,432.9229417336113,430.6966792280924,430.9925446186312,986837.2735909757
676,430.62669887970554,431.73577632111943,430.3675988816412,431.6592221268059,1378866.0427321251
677,432.09088134893267,432.40637368055496,429.93673759517117,430.34866653311,945554.2578367677
678,429.9183178665769,430.1504770109373,427.9562801275422,428.1130165711552,427635.27350623265
679,427.684903554584,428.66132577865596,427.3856236693585,428.5187526573355,2536382.9052116447
680,428.7796557011014,430.8782754291749,428.5625305674193,430.4628558597181,1992368.3111235728
681,430.3718461103369,432.75236327017365,430.2849765471809,432.41577906644847,490391.3196778704
682,432.84819484551485,432.9530362163041,431.7731464080989,432.05855144425544,1737308.0137674622
683,431.931235058181,432.2249364228666,431.7867620646333,431.91613909027666,1090583.599838157
684,431.4842229511864,431.63087505225997,431.25153025003,431.45299982355453,1719372.027927043
685,431.6342956598161,431.9715050429957,429.10034655684217,429.10107713646266,0.0
686,429.00227349861234,429.5716692824294,428.7690259359111,429.3034236141189,1702957.7823446314
687,429.6368068012493,429.8536451261435,427.5258247161291,427.71505350061125,93304.57788593892
688,427.72184941346677,430.0027114259369,427.3931579305222,429.65551048192503,0.0
689,430.0851659924069,430.2162803109541,426.8911616708983,427.31338621079993,1593055.228984107
690,426.8860728245891,427.5572441163094,426.69981205731347,427.52554280985277,1662904.8327658062
691,427.8190714159209,429.3437276727283,427.4365684149366,429.26454882247594,628231.9046344316
692,429.46492230309696,430.2653595635184,429.3366760793899,429.855397840336,1690766.3224693944
693,429.8545476123976,429.8846279690343,427.3630045471263,427.579208524897,2577682.8495885385
694,428.00678773342185,429.839680118669,427.59951237505385,429.5190492049388,1513619.9701400374
695,429.878818499913,431.67733726937365,429.848025128391,431.4676905511237,0.0
696,431.3585639211887,431.6193554046372,430.42402897774195,430.8354099538524,925645.6596221142
697,430.8732553389167,430.98127183347225,428.0590791232089,428.4868538527536,433090.9021548275
698,428.15218165518974,430.48365707494247,427.7515173193797,430.40788380357577,692201.3978129965
699,430.3909871007492,430.47837568053916,429.2191970388542,429.6160380478718,0.0
700,430.04565408591964,430.05661535532494,427.43215560675696,427.4493232206181,1641824.1972717503
701,427.8767725438387,428.552545248274,427.5778253350906,428.28179656337187,2828832.587068622
702,428.63737537334015,429.55406618813663,428.5879488029099,429.1730477326343,366508.7388894977
703,428.99540559987435,429.07893421539535,427.7659235466805,428.00908288530144,977816.0011853954
704,428.19854489610316,428.5109308409034,427.69737677718604,427.78235846501974,2476918.8258229294
705,427.3545761065547,428.4919310657119,427.30536373921296,428.2410532397374,2284782.3777474267
706,428.4335772569935,428.74811022650175,427.6208155811142,427.87455372903975,3797278.3945085215
707,428.30242828276874,428.714724806374,427.2538574756196,427.55790538994705,949922.8276170508
708,427.89470623360825,428.27027149644897,426.8530524784095,427.26010759694196,447395.21857854305
709,426.832847489345,427.08423645057235,425.8667979056684,426.07205963054713,3272736.532050376
710,425.6459875709166,425.7667812782413,423.9535356157096,424.2887349076133,598087.1340538089
711,423.86444617270564,424.8891938893689,423.75738052718617,424.84293633225957,3600263.552920078
712,425.11267790536675,425.1590091198558,423.17754446033854,423.22618900912556,1547482.5564776026
713,422.8029628201164,422.87323991403076,422.04880587989425,422.0521923852478,1058241.9934108793
714,422.06488727240117,423.65762145683084,421.9838896366739,423.6061191924321,1121710.9263712715
715,423.65861100804506,423.69454095386254,422.48816259816425,422.6197656001539,491309.3106243161
716,422.981562845597,423.4754640927002,422.85241814735525,423.4357986237208,755881.537292072
717,423.47150312813403,423.85647962825675,422.51809854694545,422.8972147926604,1973322.686797943
718,423.0378858303748,423.1669294914231,420.9768865859638,421.2866301956772,1900591.712613102
719,420.9929547202346,421.0548140032918,420.1966480629555,420.5738305695112,1552177.8027164794
720,420.38324963622915,422.6757994709777,420.26367057370936,422.4818892618745,97798.37450589344
721,422.40944385218313,422.61686276742665,421.16291837421,421.16449175816484,947655.6562403174
722,420.9437207934586,421.02100938877527,420.55381812694014,420.9887192735676,2041649.8256958222
723,421.4097079928411,421.90057277157103,421.01978967863363,421.7117282519713,0.0
724,421.6106741910037,421.9225899209143,420.6091295554142,420.97123202819006,2436105.3420699253
725,420.6406167111338,423.3026177984241,420.32003034951487,422.8810936508654,1709165.391310228
726,422.9146475380515,423.4505344478342,422.7102207135349,423.4479230629561,1823517.320939016
727,423.0244751398931,424.04182763826014,422.9226557512366,423.9812223050567,3285208.47714323
728,424.4052035273617,424.54794652988744,422.780719655329,422.8719349999289,327630.1468848266
729,422.94136856427036,423.6309301895756,422.8522684285944,423.4653429951619,3736554.4259773097
730,423.04187765216676,424.0314600028857,422.7390561840604,423.7355235554037,1838186.7266481752
731,423.3581776199207,423.65880392492164,422.8475205691866,423.17676379804595,2476239.3265274623
732,422.7535870342479,423.0513035206138,421.75640493810965,421.95300809335697,1911501.9652876575
733,422.13067407577864,422.8424817324956,421.7196055332302,422.70739300365625,2250928.9706825987
734,422.95027016457993,424.1432955709992,422.87556976999906,423.8701122317257,0.0
735,424.2939823439574,425.76521567799364,424.2200312333043,425.5912820503086,3161746.773825093
736,425.7840649742671,427.08004164043416,425.68927420992634,426.66929197132026,2358060.3370510926
737,427.0911664445643,427.57216199194374,427.0532777882596,427.166757209922,1176613.2338535872
738,427.0276000407872,428.41261468159735,426.8741125269896,428.01897796907684,2729737.776335465
739,427.59095899110775,427.7521652311916,425.7073948642745,426.1151584190116,2309222.9560815245
740,426.54127357743056,427.421668116213,426.20970958193647,427.25321753140213,0.0
741,427.5867584323111,429.58165308134016,427.3516360971494,429.1915792560179,1246367.6359927354
742,429.5175400976483,429.7183087454808,429.23524700758765,429.2597673094743,62109.479518877575
743,429.510339593253,429.6587319444255,428.18064017131906,428.5107134768153,2144651.3738233475
744,428.20710887635227,429.91562917036197,427.92870215385665,429.6062446555509,1348666.076881038
745,429.2952238814787,429.9182503989321,428.8963622806088,429.5142845397254,2757098.663596616
746,429.8629711558375,430.1169152359595,429.2085516359804,429.3876220192262,2253784.159431857
747,429.08852473455386,430.15265396996506,428.66455077534823,429.7611648908363,1054339.8691023292
748,430.1909260557271,431.3189050304622,429.9031177906767,430.9726119794479,507656.51821743103
749,431.3190820161409,433.1777814090553,431.12197995055084,432.92784784693964,2002098.1485246862
750,432.83601910803503,432.86370308905913,431.853224216719,432.17107755369676,2846474.7352614924
751,432.60324863125044,432.95795265246795,431.2074055974565,431.4118557705236,1198437.7926301323
752,430.98044391475304,431.28879689466555,429.2695808999026,429.6107083130701,62305.690093003446
753,429.3334882593425,429.44222922572357,428.42870809135127,428.5069665090076,662746.9863986697
754,428.9354734755166,429.13528603502886,427.7607162721342,428.10826962198956,576480.7903939878
755,427.8466010975811,428.21407556331087,427.1973178090937,427.5124496481455,2052092.3858119384
756,427.3713882692733,427.53219876755014,427.1981996100677,427.5280741975266,1415688.3058918542
757,427.1005461233291,427.44469400541766,426.117140718158,426.1641883173741,1516383.5657614984
758,426.46352736386024,426.9778809423497,426.45131396239145,426.55640851697467,1024256.8240561889
759,426.12985210845767,426.59525286598415,425.7761432127916,426.48338509755047,2453205.9760194058
760,426.6654491577553,428.0911875559075,426.3051229369193,427.719766968814,0.0
761,428.14748673578276,428.23729823977766,426.99413970154137,426.99544521488417,1790122.5983396857
762,426.5684497696693,427.77478259883816,426.4140917216044,427.42976538548834,1387133.7392655709
763,427.1668310965311,427.51913831529674,424.8233901859954,425.09977402429814,0.0
764,425.26865205382245,425.671469795634,423.6816135057422,423.7556517003475,1364456.7370079
765,423.5097970600591,424.738130606613,423.4549451832576,424.43074992560366,835619.3063309614
766,424.5737717791475,426.1584545243233,424.15592940052636,426.13017417635024,481921.1752775181
767,425.7040440021739,428.3367502325772,425.57921741610573,428.063440879641,874370.0038592874
768,427.63537743876134,428.3841461832539,427.26776098962875,428.35425370446956,1139173.9430861236
769,428.4174909426768,429.73241937727175,428.226747630379,429.4897870299721,552017.0671540248
770,429.919276817002,431.66902396072095,429.9165245429552,431.43829561956767,845062.8654677292
771,431.86973391518717,432.37097649266644,431.53124506495294,432.3198196865697,361149.1906001136
772,432.20113215470553,432.5892595334095,430.6372303416308,430.86813924653615,1651244.1877549244
773,430.43727110728963,430.75533979487795,429.9942302311498,430.2457116294681,1106067.5386285007
774,429.88388748448676,430.1911062563926,429.58930950447126,430.1152656228432,2001299.1287929981
775,430.545380888466,430.7660943471858,429.7104043339908,429.97268958932614,1138971.8087460175
776,429.54271689973683,429.66863867879505,427.3421568906539,427.6288363216733,1061124.5637750688
777,427.95985530638313,428.0556309927711,427.8291723170822,427.861344709842,1077057.0497532845
778,427.63851662580146,429.570412355085,427.4491070683538,429.4704054249025,3326883.920918001
779,429.87546765178814,431.70445328641875,429.6912680516156,431.4188260840627,835376.8394019665
