Interval,Open,High,Low,Close,Volume
0,418.6793046240024,419.8292657695073,418.27816621135906,419.48685248868037,766652.5436865704
1,419.0673656361917,419.38595703326075,417.347534886598,417.4434249715723,654821.1632564539
2,417.70908045264616,419.7364859690437,417.45941765379854,419.3372816447475,1437627.617059683
3,419.03186199747745,419.22648458876154,417.154343156413,417.56682182824113,1411206.3383172038
4,417.88308697674205,418.28890554215974,416.5036642297891,416.81055416719425,1123046.6504315634
5,416.3937436130271,416.6330373607395,414.4615362811098,414.53844990794454,2856891.1183847617
6,414.3553379563722,414.7305416946172,413.2573803427952,413.4152308325279,0.0
7,413.0018156016954,413.5576502094658,412.9640488010282,413.5400535182979,2048047.7547154857
8,413.2105579523692,413.31881452228686,412.8192059077412,412.9982571220929,210189.83954693913
9,413.411255379215,413.7779978046423,412.31217950651455,412.6054205866806,1951798.468203791
10,412.4129934748323,412.4421669391358,412.1016919260231,412.24715240886616,1660082.683052044
11,411.8349052564573,411.9753721518356,411.5006830547256,411.6243512388379,0.0
12,411.5168071760187,413.7336899481672,411.4691650069359,413.49180794746417,1348404.2357608518
13,413.81152323980683,413.8728873160991,411.64269366121425,411.8549202530042,1411081.7215319616
14,412.02030112107263,412.77410823526344,411.61260244479666,412.7201171476354,2280248.591944938
15,413.132837264783,413.59971848704316,412.7636296014457,413.31071137431405,883631.1815828589
16,413.0311717312616,414.08288616369316,412.73444733790825,413.9857185248499,0.0
17,414.17113621350256,414.34513600575207,413.8770374637751,413.8838516216469,1829028.19488716
18,414.07829161048994,414.2945305600586,413.48289711184674,413.86920972241495,1045818.5716901305
19,413.7434846655993,415.86259378547226,413.72110989235733,415.7468509014751,3251802.627807843
20,415.75977347627475,416.112520195087,415.586108622516,415.6414580830274,3229833.0039205253
21,415.5219597348962,417.54252997758016,415.34017627329644,417.5271395956597,2929602.5050437693
22,417.16278043386194,417.3130059315832,415.0826701085297,415.2511291090176,1380980.8021018521
23,415.57616654753673,415.969176882469,413.67037869556594,413.93561724747826,1373153.9957311081
24,413.6161702078985,414.90393175914517,413.5281367729517,414.5826421500923,2124896.0777450395
25,414.8557878799789,415.05487681378304,414.33314000205314,414.3687315067206,1054664.1304506084
26,414.49580812596207,414.526130549453,413.73125445326934,413.7418940214988,121377.10182668595
27,413.6362218550551,413.74632997382304,413.1749177296274,413.3781593819882,1942917.5483124636
28,413.79153754137013,414.3000149462813,413.395471953368,414.2049952914403,728415.1243718415
29,414.051889103431,414.18554510936906,413.0161455998969,413.41012824626273,348441.39528588194
30,413.0616236322996,413.4074935144994,411.2850340471887,411.4888440285552,1587301.6822310383
31,411.9003328725837,412.0017665227119,411.1406155435947,411.3974725383588,1523773.7150405953
32,411.8088700108971,411.8381373802174,411.0086945356325,411.40874004118496,1748387.7155534488
33,410.9973313011438,411.2349567513721,409.7164874693936,409.8541298364868,1177261.0827899007
34,409.4442757066503,409.5270190289472,408.9014934817013,409.2121143353464,1397723.7808983466
35,409.1620773704561,409.3758633614701,408.46693903311683,408.47348300908584,1091205.5473244626
36,408.0650095260768,409.47261335475577,407.92160554947174,409.1132406230903,1454883.8783414424
37,408.7041273824672,408.719081113219,407.38877185045726,407.64237505878566,324600.88330647175
38,407.23473268372686,407.56751020901356,405.35377948338055,405.56146571823734,1781942.4453768046
39,405.9670271839555,407.42380279034177,405.8443100680855,407.4014163373793,1063232.3303087805
40,407.3578554970698,409.5519657533658,407.2185960546716,409.24971444159337,1721664.4259189167
41,408.98080211338015,409.21898424902565,408.63063049986226,408.6370177920636,1874109.5530600403
42,408.66096215687503,409.3209012060948,408.291528346567,409.0752242803218,0.0
43,408.97231441206793,409.097651640397,408.5971377814787,408.70907292633945,472727.1267183622
44,408.5754736659559,408.87698422249883,407.28658080757793,407.46074622160705,1545831.6290146473
45,407.8682069678286,408.37988821893356,407.5433546184649,408.0144468935764,412448.8640525781
46,408.4142843456204,408.4782345472544,406.9597200782197,407.3075596473758,0.0
47,407.71486720702313,409.45672909786884,407.4921536813957,409.1554319427064,2185072.3884576205
48,409.05785677599573,409.756429739383,408.8770978399497,409.7077344702076,0.0
49,409.2980267357374,409.4893923068671,407.84134736782727,408.0918634195853,0.0
50,408.2311826031402,408.3923542109071,407.9719063223928,408.24590112337927,1499610.773456702
51,408.6541470245026,408.98414703614134,408.28569169685767,408.55406397957404,1989833.0755987624
52,408.92072350626705,409.08058057151527,406.66778146375236,406.8318453629401,1269465.2088410452
53,407.238677208303,407.41052680561285,406.4392960281404,406.6836207697914,0.0
54,406.2769371490216,407.8956987533355,405.9624330555968,407.8932424441232,0.0
55,408.30113568656725,408.59423967514084,407.27438539924214,407.4193793086405,974837.8225953649
56,407.82679868794906,408.1953346527578,406.4307761914367,406.472218082684,1272777.4667076517
57,406.8786903007666,408.5954956465896,406.6926116240609,408.3163006017191,1675985.361525072
58,408.0704595386495,409.4962737462747,407.80422511493504,409.14500895522076,1108040.4146640731
59,409.1974497986792,410.22193793844536,408.857279348251,410.18350150570285,1661558.1823828584
60,410.1617128040509,411.9774685547745,410.0401947109801,411.87407474417734,1835956.5975570772
61,412.17796072415626,412.8837536449635,411.9405150313986,412.49253755938224,1179816.3625326445
62,412.5702638927171,412.7415712515835,412.44153038487354,412.65461485336556,1509498.4791421006
63,412.5130850729762,413.2262473495533,412.2401380422551,413.03130546599954,0.0
64,413.1105769524779,413.2123570084691,412.74898524923964,413.11240300894536,212288.05600861437
65,412.8829640369385,414.58543753798045,412.693078877761,414.49961052361033,2081127.1178172417
66,414.9141101341339,414.96263799418847,413.22111479378214,413.2837192381504,1442246.599251161
67,413.40403710528165,413.72507298264367,410.91043490114004,411.29625696078216,317827.9986198691
68,411.254859662454,411.44984890786327,410.32579440649084,410.628639929098,657461.0703622078
69,410.34880769972716,410.9585494650234,410.32045351871596,410.80836375037757,1348530.5154510883
70,410.8988294312344,411.39044328092353,410.6950551936289,411.24321450568146,1680291.4355753642
71,411.1818068752802,411.3544073070814,410.935951417774,411.15230182972175,1701193.2456542016
72,411.2695790613475,413.41799476729483,411.15851366663907,413.01761694533195,1601974.161812544
73,412.6045993283866,414.40929015371495,412.26583856846287,414.004988698463,1630487.052966749
74,413.59098370976454,413.8595772626946,411.9891140626005,412.0806539694265,560039.6767570679
75,412.10022640665477,413.47779927394686,411.95408425024624,413.21141671723814,1472129.8146046184
76,412.9304543855013,413.28797613083015,410.59571161591384,410.958931960057,1395910.1502804335
77,410.6672753797384,412.11184625865883,410.58793427043685,411.74506202984816,1152225.7167148849
78,411.82090529781857,411.9296757451213,411.4512726755526,411.73164913725367,2182192.388044785
79,411.59400735482154,411.7258473005873,411.4756483809693,411.56887412089185,80362.03921164502
80,411.9094099561117,412.0865280520655,411.067427898238,411.28274230436807,1169481.975194918
81,411.4916979113739,412.64100768213495,411.3854426416751,412.2993317720505,1588657.7215373404
82,412.3566283431004,412.5830906366383,409.80098427431255,410.05181894292645,0.0
83,410.4618707618693,411.21218787139867,410.26065666829567,411.0809549086875,14036.749929029727
84,411.45303807901615,411.5553074254272,410.6821210314625,410.92545871809597,1128322.9277950188
85,410.51453325937786,410.79140118866246,409.10335329195135,409.17132722435997,1560905.6577547821
86,409.30917765156767,409.6909639378122,406.7234107142177,406.94086567281204,0.0
87,407.33190314236964,407.34479711043986,406.23674373193677,406.2584006456681,2414354.453073716
88,406.15098973087606,406.1842322743499,405.519450558716,405.7390572295517,0.0
89,405.99725478352275,406.08898029460994,403.7470454594377,403.9832101818665,2199341.40344398
90,403.93585030487316,405.61808735919146,403.7110231407121,405.25574224148784,1321236.037783842
91,405.10122788369637,405.4209884255238,404.7154550431965,405.0588470618372,0.0
92,404.8800734918645,406.42811346083863,404.836026328719,406.2421301099889,2584977.424753359
93,406.39188963936886,406.70219118354026,405.64215527564863,405.6653973057342,230289.38117114897
94,405.2704661512776,406.77816713715816,405.07174131205176,406.66714873425695,0.0
95,406.29111325666884,406.50550989702924,404.23949298996104,404.51674709063053,0.0
96,404.92126383772114,405.14668199549106,403.5012697775754,403.7989483122892,635756.027138246
97,403.5034121116848,403.77917977171376,403.03546343477996,403.0544592628537,2205438.5077595627
98,403.4575137221165,403.71008643187446,403.0260137227638,403.12413206369564,1660314.7175750933
99,403.0002808797538,404.9292372809418,402.842226015182,404.71823007236037,654037.7183238309
100,404.38583274324446,405.345106400044,404.13638557522444,405.1726525448359,1506568.409556372
101,405.5675728068886,405.74508214618766,404.64794049445857,404.93428601539915,1374646.1145100533
102,404.83809746679384,404.8962878005804,404.46099046435864,404.6753545307154,1283468.7794920437
103,404.3075412325795,404.3450770055342,402.0912044266745,402.4694012806118,728371.3229880135
104,402.6521873227786,402.90529185535405,402.41574527814936,402.46280113782666,1336806.199706508
105,402.86526393896446,402.9661783149248,402.49590961922763,402.7884364650721,378841.11425622343
106,403.1297291256119,403.32679751157696,402.33410384594583,402.72756041670283,1100190.1546901183
107,402.9934263487556,403.20233932690286,401.6280425620424,401.8319465840715,2191217.532617607
108,401.61653730314896,402.1270725326895,401.5129798888094,402.07408198663427,652405.8927091856
109,402.1644322329474,402.56268695101545,401.894077660546,402.41116177316843,2051026.7677169507
110,402.52644183882484,404.1285146282198,402.33704472484146,403.7482161276435,2461085.9378466047
111,403.698746926599,404.02887499817865,403.3679755645013,403.71097678692564,3379504.508412492
112,403.6638765302563,403.7653647570496,403.1881351688092,403.37664606017086,262036.72475401557
113,402.9912489730131,404.45207887700553,402.6262088122692,404.1962250784373,1782764.26359029
114,403.79202885335883,404.293473719647,403.69866352429074,403.9778935248149,0.0
115,403.7798434484463,406.1964513760796,403.4627297494767,405.810659796123,2419345.9195486093
116,406.1054313822763,406.477183187378,405.38370207375385,405.783713361229,2025264.4379199161
117,405.4321393316457,405.78995441491463,405.15604135444744,405.7258402011667,1355352.66643929
118,405.7208121803814,405.89884682569453,404.81515886380026,404.8450067819636,0.0
119,405.2498517887455,406.22616384840074,404.88251854587696,406.1097893000016,0.0
120,405.7036795107016,405.7855966185352,404.3321248792209,404.6062173253598,1840275.7770927744
121,404.54356680634794,405.4979809177957,404.24638264514067,405.3133118015623,2799920.9682235643
122,405.7186251133638,405.78123882111123,404.8961424625863,405.0140564868078,1718278.695696514
123,404.61768162089,406.9878888828205,404.2620008754164,406.8515236206105,2295534.054065829
124,406.46119035849296,407.800837068994,406.3271512139681,407.68916288944723,689714.1813830561
125,407.2814737265578,407.32819491132136,406.22324123517865,406.3112375541247,818965.6642714842
126,406.7175487916788,406.87380295802296,406.3555703667384,406.70466463067305,655437.7620119454
127,406.29795996604236,406.4121348333427,404.48500883081556,404.4876492707563,2501834.752759096
128,404.60487650107245,404.8451088237858,404.4098165670252,404.4703084550791,0.0
129,404.40194049264187,406.1140837901193,404.0752715056476,405.7450756637901,332468.52996258915
130,405.749365757268,405.95435330815405,403.7664790328462,403.8757624411851,2461736.1428797366
131,403.65156789276807,404.02056232547477,403.418670521766,403.97329881423934,0.0
132,404.37727211305355,404.6459858164427,402.32626535090594,402.55925624799653,2451285.5103615103
133,402.7133041711901,402.75692726942725,401.93779401008175,401.97877864308526,0.0
134,401.7859439112803,402.1851185669722,401.2759209331853,401.3460515338535,350162.3509103742
135,401.2440933180244,401.6159146088832,400.9028483404933,401.0046351672078,1601403.1424886812
136,401.405639802375,401.62500216095737,398.7365581430263,398.8186916241928,471595.96863054845
137,398.78511667772375,398.78667110904377,396.2665986408233,396.64466402616745,1917921.8205008283
138,397.04130869019355,397.29136756273425,396.93632879319335,397.03042190367114,2071291.1760857552
139,396.8786424726188,397.7844970071509,396.74191521446915,397.4408108926587,2203382.615963593
140,397.27022630708154,397.6275863431699,397.23540697477375,397.2758626284259,2524198.501535764
141,396.8785867657975,399.08046233143835,396.6499136833237,399.07822313651513,2880808.0285359984
142,399.4773013596516,399.5829596695157,397.7685823812258,397.8138870151418,2377732.2947586332
143,398.2117009021569,398.3908401010647,396.55122994866537,396.775828798176,0.0
144,396.91078109396574,398.68695865248134,396.81736454485366,398.449975135929,3637729.602783525
145,398.84842511106484,400.29635142584266,398.45845609577833,400.2576623557937,865218.9483194122
146,399.9680033474339,400.11929541790875,399.91435796857303,400.04697152055866,2784792.136663134
147,400.0134033095417,402.040036354955,399.6661674288878,401.86190399110683,2171499.2720304765
148,401.48977133753175,402.4471917383796,401.1872883070184,402.2898349171398,2135977.4883990064
149,402.2233613906031,402.30932919014236,401.5712464156725,401.60151109269293,582031.7453722298
150,402.00311260378555,402.25981160410765,401.74953839859245,401.8559993338925,2882778.7787592188
151,401.4541433345586,401.8763430790929,401.0614121659515,401.7148861721056,1610648.7219814863
152,402.08846055374596,402.7011989364862,401.85539756667833,402.3155058258055,2788978.380709029
153,402.3562588542573,402.40799215920833,400.8442833516777,401.17821055023575,1201503.6008246234
154,401.55436036073417,402.1953437810798,401.37000707389916,402.1166629716352,0.0
155,401.7329297484551,403.2876144282073,401.54752050027287,403.0505180840396,223719.17307594803
156,403.4535686021236,405.06155678516336,403.1288037965575,404.87907703990805,437301.42802171665
157,405.28395611694793,405.3630688503187,403.85075405573065,403.8647517116698,1204586.336036166
158,403.78679437817794,404.0261218869503,403.5741509724004,403.85310454611107,1214226.085839759
159,403.84647735801474,403.98321524899467,403.3573221886612,403.6980555973256,1250561.2612217495
160,403.4567204997565,403.58760216838346,403.2925032103986,403.57893092460745,1951.8899512505159
161,403.4364136935632,405.23375014361716,403.32118181534105,405.0472956425194,324917.57383928995
162,405.0846033335789,406.40329889619136,404.9819410040969,406.20076565721865,1357453.7249459059
163,406.29080789103404,408.24401122651466,406.07695006313105,408.0436166513173,2858474.794782347
164,407.6575988756244,408.34169106613047,407.2787329167959,407.9362624835135,2384331.0709304116
165,408.10307656939955,408.70727290286754,407.91215240021506,408.34797615917836,1172612.9034565757
166,408.685032662386,410.56933561968066,408.48389721534943,410.20056861450166,0.0
167,409.79036804588713,412.4475587052516,409.4634373391628,412.06156590835946,1431045.1017564815
168,412.47362747426774,412.7270640010136,409.65022515298847,409.81534918084844,2317258.735771365
169,410.08226580995046,410.366204678839,409.856644897231,410.1869965375841,1669018.0926897973
170,410.13682371420754,412.080567114462,410.0991669089614,412.04793225766474,1721657.3438472212
171,411.63588432540706,411.99169917414673,411.30292783950676,411.8187814350812,92344.2897585755
172,411.5950128112512,411.68782611041865,410.3683582741473,410.7611226678078,1147721.868130432
173,410.95327590157336,411.1294105242914,410.1742955668431,410.2514023623202,1494101.199789435
174,410.2366682693049,410.6860921320798,410.162830505446,410.4364126400746,2760023.2933367155
175,410.54893593377426,411.81627236717435,410.308812922936,411.725685844017,1976974.7170745046
176,411.47320339844373,411.54232130905484,410.5671690620677,410.92972429125496,2033909.1421957877
177,411.3406540155462,411.60575621285994,409.60569118933245,410.0045741672151,298607.10457580304
178,409.85656132160983,410.0678124848074,408.94477885970724,409.2525887362978,453028.5894737268
179,409.66184132503406,409.78112678623546,406.6688212119003,407.021684214615,0.0
180,406.6146625304004,408.05484099849116,406.55075433138,407.7041604264139,1836903.456893472
181,407.97843702512586,407.98230794275014,405.3728294994342,405.4816966472288,1673602.6001236038
182,405.2640318738974,407.5667077701491,405.09336601839226,407.2532266422155,2065696.4595502843
183,407.6263584497296,407.6617953854209,404.8769366906511,405.0332209787414,1954509.88567559
184,404.88221237470816,404.9747813023641,403.13417975645245,403.2413638284282,1157769.2573201843
185,403.1071710496121,403.45862704068276,401.9153609582941,402.11166315149416,1453064.1972227306
186,401.7740245674261,403.3837572851324,401.54837534802425,403.30866074569605,1204264.907356038
187,403.42894564596287,404.65546888631184,403.10211391045334,404.414040381065,1446662.6383397449
188,404.818454421446,405.07927988946636,403.53018896439175,403.8138368322807,1656305.1594698895
189,404.2176506691129,405.24830259462357,403.94272152633204,404.8765401973565,1443173.8534228075
190,404.4716636571592,404.74483619230784,403.28566567629855,403.6785327195717,1978247.1412788557
191,403.5031186942962,403.7865934733149,402.65975981764865,402.9765722578965,822291.096227131
192,402.9761677427836,403.13728973939794,401.40181078735685,401.73266851266385,475098.1016240433
193,401.4215867332009,403.6203628143409,401.3120418397371,403.5552486506718,1054835.2597837655
194,403.54988529743815,403.8151979693367,401.27906898377165,401.35540128564094,971159.4527663953
195,401.7231962724942,402.01164622838496,401.5303278209939,401.6463472516591,10283.009457123931
196,401.73797349055747,402.1198196991971,401.4270279464913,401.5299578127499,1263167.3268602944
197,401.9314877705626,403.3040233379766,401.5309241167558,403.2204870369218,1369314.4153823776
198,402.94858160149244,404.68221589581714,402.83655133189563,404.6746096243474,1603645.8488478973
199,404.26993501472305,404.6633337103762,402.39820680484763,402.7798129972438,2007426.5789779793
200,403.18259281024103,403.8284054459992,402.95587140043426,403.55214769976305,1660581.9374909475
201,403.1485955520633,404.2986677396686,402.79203908332136,403.90678730962907,2035458.5549987461
202,404.1532364858621,404.3178961926444,402.1542858163866,402.3465220091911,1662603.266268299
203,402.32622423013754,403.1468844909467,401.93388668564745,402.88966904073436,724475.8823559787
204,403.1186012338128,403.16115640168437,402.33060845798036,402.34329549663465,0.0
205,402.22964197582564,403.8861127846732,402.107122495278,403.72009146471044,985796.4219892896
206,403.3163713732457,405.86373989524685,402.97393321725644,405.55168814003815,31798.804083243245
207,405.41170748611864,405.9662853622787,405.0784098242807,405.7520620552069,972812.3865899472
208,406.1578141172621,406.67805168116104,405.9536488382983,406.5604917933895,0.0
209,406.26210098329324,406.52716661549914,405.72625213314643,405.975860928307,560121.0509232194
210,406.38183678923525,407.8389504153315,406.05175065830196,407.8176915749856,1157589.5368699192
211,407.6990000242116,407.8059341410139,405.80309439695276,405.8229013871093,2254159.7210018435
212,406.2287242884964,406.2509771449223,405.96421476343943,406.20985862126616,3423613.8843255653
213,406.4678754983739,407.89199225180795,406.29352275603435,407.5513037897174,1074281.0964885156
214,407.1532329873683,407.69734012162957,407.03308340095174,407.4529827186248,1130491.0998188346
215,407.5595061143938,408.95244836095935,407.15331475791567,408.7045404783472,2628966.5408183965
216,408.8999254964352,408.9043949094378,408.20713655115765,408.33509385917284,491789.5251340165
217,407.92675876531365,410.25850228647045,407.66462196366035,410.18762787009774,0.0
218,409.79759809257894,410.07898415644695,408.10609248901886,408.1635901007043,2438279.306649143
219,408.4185432762761,410.1133395826872,408.38468693870834,410.0153460336478,2179179.050046407
220,410.12656863195264,410.4637423461875,409.03297535388356,409.3779219321774,1618972.5050152903
221,409.38422061468316,409.4706269890389,407.77638209476333,408.1447364577871,1516312.8737988994
222,407.73659172132926,408.39500122941917,407.4938640131966,408.14396860824735,1526144.8714878717
223,408.36735272116954,408.60832007153783,407.7317980739967,408.04784347929194,1429979.655781249
224,408.4558913227712,408.5126177872234,408.0525832187093,408.1407898435507,438483.33733372274
225,407.7326490537071,407.81133438764164,405.8651874863997,405.91594592415925,2958546.2789862202
226,406.21090213524064,407.86658804295945,405.9768147378969,407.75750474854135,1806051.6127328223
227,407.3497472437928,407.35682667539146,405.6254049443164,405.8064889332136,0.0
228,405.47744393125674,405.65841290119755,404.35156721332766,404.3641238976125,2031124.8270896834
229,404.7684862845333,404.83001516892494,401.96220828327387,402.15986721790523,1185267.257420612
230,402.2514960488601,402.3518609528678,401.0328752954737,401.382259791954,3358988.9032090525
231,401.34194733079573,401.6836660083257,400.01240835369106,400.12348262426485,957883.0813709229
232,400.5236061068891,400.70403499558614,399.5963625612899,399.9083533160374,0.0
233,400.3082616693534,400.6639055491391,397.60284856616187,397.7283857893168,72622.28266509669
234,397.88768869642024,398.26569045743975,396.88542510574325,397.230065705739,363647.81787563954
235,396.83283564003324,396.93980739097145,396.2829681665581,396.53356452382474,1276399.2178644738
236,396.1370309593009,396.70836947037674,395.7706388502496,396.66684391122544,757735.1844752135
237,396.72718071377307,398.6369885705182,396.4367970080888,398.2595457824528,414432.9788770075
238,397.89517696939595,398.3468233658731,397.5571893424931,398.1525115818546,666675.3167131698
239,398.5383566640174,398.79893035608444,397.4456419808188,397.8421014224312,1280144.8527652596
240,397.7253354689817,397.9112024840221,395.30126562230515,395.67339738143863,3305515.3460069764
241,395.93784186960823,396.1693429174106,393.1409330674099,393.5165153100179,812096.9480872679
242,393.3455100574972,393.659026017988,393.07689946439456,393.11047944690176,1122114.1969312448
243,392.9132730334513,393.25521696434157,392.36276759199666,392.4714867578737,2692706.9472876443
244,392.5568623580717,392.6815949185458,392.442786745264,392.45332689767827,1480946.6985435658
245,392.63330988338953,392.6469381751825,392.3485050159884,392.4792725496819,1014154.3495594807
246,392.87175182223154,392.9674796260755,392.39024905529345,392.4326903781012,1066683.5873702285
247,392.82512306847923,393.19248348292285,392.6398125518717,392.8285311376056,1031378.7291958348
248,392.435702606468,392.69609351880223,391.510148049682,391.5417367641555,0.0
249,391.6588146661355,391.80064192557,391.29346331287405,391.4630565200476,2066619.0731098368
250,391.07159346352756,391.3022971260057,389.2663731160165,389.329125723033,1439713.9025432796
251,389.718454848756,391.28034870950165,389.34849856688976,391.0954334876414,2077890.584973747
252,391.07592817491013,393.099905569683,391.0722076477684,392.8697546345354,2064426.675503046
253,393.0103837777106,394.44623494402737,392.66068623828295,394.26077523119574,2396445.98709846
254,394.1623843885336,394.23283580481063,391.7300469661223,392.1115936001122,2020282.4656778364
255,392.1445205571247,393.2791102674728,391.9704427830387,393.16649325180015,328847.80064712954
256,393.48146043495,393.92717847790226,393.163333522027,393.8931469530146,1916510.296590351
257,394.1214473592769,394.21921921319773,393.0020673098275,393.2209835497563,721537.082765968
258,393.614204533306,393.65669812356373,391.90291853560655,392.2758399264451,1781315.3346165414
259,391.89093900075284,392.0156352385922,390.0281106634235,390.32935019822395,0.0
260,390.21697670973754,390.50616057967477,387.9335113630487,388.201599424572,0.0
261,387.85365034839145,390.2551263562657,387.6521937003522,389.9627918296448,0.0
262,390.1300740325037,391.6931397656889,390.07174195716,391.610338262413,800838.2445618559
263,391.62678158140193,393.3229994570662,391.29406096866114,393.19673385988915,1262540.188110094
264,393.18474052052176,394.01786891855625,393.097577303537,393.7969227433382,996375.3942345794
265,393.4558023536481,395.7673446169315,393.18033501632385,395.5835000024341,2067348.5344763258
266,395.1879165024317,397.7172703891736,395.0776732206254,397.37818260242625,1863736.2252786262
267,397.54458269461594,398.4749147135066,397.5191720567283,398.21229738945897,2031928.0144438436
268,398.3017184564009,398.3193022496211,397.20841512476034,397.28527708778694,0.0
269,397.6825623648747,397.9766681574016,397.4095478271448,397.5015753786382,518590.26738886454
270,397.3513541676393,397.7657251033858,397.0539365847454,397.6199586750142,23365.416678513167
271,398.01757863368914,398.0261154316965,395.1019169441767,395.4524655714067,1657080.6872686537
272,395.0570131058353,397.0580315146756,394.8419866912907,396.8737273584147,1760512.6241055343
273,397.19981697760016,397.39430384774363,396.96235720433634,397.04428927129464,3786136.7217278183
274,397.434358649134,397.74420682509816,396.4377217900048,396.52760058018134,2330354.706269041
275,396.256005296996,396.6542014676143,396.1149453975027,396.49251046519817,726277.700822618
276,396.81334717431474,397.0814522202872,394.071055474902,394.3311632709349,360779.6395363092
277,393.936832107664,394.26542953906915,391.79477638767503,392.1815979428377,2941428.16447872
278,392.5737795407805,392.72296900894486,390.5539433315784,390.7823899270821,1112330.3240707484
279,390.91809794491354,391.1321933657172,389.9497627676678,390.1515743769724,590414.9119524353
280,390.4285255949087,390.72573667109555,389.6251389687246,389.9231481756262,1027552.2722255109
281,390.2385291047255,390.2735599343839,389.3765868934726,389.70133206918626,1925264.1796703227
282,389.81674386866854,390.36790061838167,389.54960917391935,390.04207460487675,13235.267919027712
283,389.71203691537966,392.19976833441365,389.4165216727741,391.81161687484985,1045316.597873701
284,392.0042585031632,392.17596090174965,390.55157079058984,390.5738748348458,1385670.6678396394
285,390.9005543852031,391.00645459947856,389.34895611028224,389.7253953162744,2622166.1370628066
286,390.11512071159063,390.1783680359728,389.07154933381116,389.4089794180889,730318.9370519975
287,389.13377461632166,389.4371183628152,387.25770390630424,387.28624573997047,1731093.774724425
288,387.41536951152034,389.3010182741115,387.1756194439222,389.0432853698881,482947.16969517583
289,389.43232865525795,390.8522504461764,389.3980828559051,390.80829633443244,1809496.361735133
290,390.417488038098,390.4989312568126,389.90781658255224,390.27976669457894,721259.9186072203
291,390.2171274596246,390.4334614954355,388.53919596181623,388.6079847233827,1412155.0882914232
292,388.86850422786955,389.00646387435575,388.71301893029494,388.8933650511329,3572028.270307615
293,389.25308899210455,389.5867262661095,387.7402637847047,387.90943193360175,1741313.5631592828
294,387.8954224376481,388.8963590150595,387.731951483285,388.54563959409245,652672.7493491948
295,388.63074734408696,388.8104524617031,388.22381747687115,388.584438404403,618230.6524114909
296,388.5977331744126,388.9797351822211,387.945161203885,388.23654398204235,1776498.9040679433
297,387.8483074380603,389.7023804191016,387.7669991232277,389.37106792654964,1571048.2644572947
298,388.9816968586231,389.59437436555663,388.74840958215884,389.4667715147703,0.0
299,389.60316209610346,390.0695430560942,389.4802849734998,389.75830187672534,2884069.0365401795
300,389.3685435748486,389.38573200100404,388.0517524048854,388.364563752409,1055739.1196428158
301,388.7529283161614,388.9862598351789,388.3115190842165,388.6154419684762,1840956.214142817
302,388.4974329263932,388.7543299810286,386.426305183732,386.5397387229705,942260.1607106288
303,386.1531989842476,386.2493870518158,384.77351276782406,385.0505170010706,0.0
304,385.1363095483051,387.14005436430256,385.13462012111074,386.7974135803656,159848.51769747818
305,387.18421099394595,387.3108459034011,386.26805992440615,386.2880072692767,2308447.7219259497
306,386.4604190114045,387.9853974087034,386.1295667245261,387.7205380663658,1332853.3141254312
307,388.0660135686687,388.2559919302846,387.78670465485334,388.1115786124373,0.0
308,388.394584142407,388.40413853508704,387.8923234265792,387.977971291099,2050199.185634363
309,388.36594926239,388.57388651717116,385.48591975202953,385.8630382783616,54437.06540765148
310,386.24890131663994,386.34971501794456,386.0981251365438,386.32434551649794,3020151.9923375673
311,385.9380211709815,388.4599890415728,385.751427481532,388.0770211989962,0.0
312,387.7124871307726,388.26447319759114,387.3311216036419,387.9095441549882,501904.8626336297
313,388.0517934370419,388.53168745582497,387.95643736020213,388.46470561061057,745417.5875150728
314,388.40247469621534,388.433226506433,386.7070355307391,386.73656675285145,1714377.090876517
315,386.6117574559946,387.69569865741903,386.4765577595708,387.56548095398085,0.0
316,387.4620229352343,387.68434797829497,385.3296813696693,385.52402483635933,428083.63727173046
317,385.31478339803033,385.5105650871169,383.79689663828367,383.91046218360975,1229090.8541864865
318,383.7540419878503,384.1376693352862,383.14392934669684,383.2271815126061,0.0
319,383.53291905790036,383.86782186552387,383.2648735314345,383.60377603105474,3062599.161717004
320,383.22017225502367,384.28437317299944,383.108880709407,383.9222594073537,1294969.364353359
321,383.5383371479463,383.8910490535769,382.9369544940849,383.1542084888585,617569.2243722295
322,383.5373626973473,384.9756838587294,383.4109652094534,384.62528635766154,1627394.236999656
323,385.00991164401916,385.2935291680165,384.7223608150147,384.7814731228129,0.0
324,384.4853136474432,384.8340634046026,383.4360330045505,383.4395162405247,690534.1986690285
325,383.4425368713571,383.55238120703865,383.1712013227394,383.3635338726458,2130783.324709102
326,383.5142733269615,384.88171352772235,383.4214876723924,384.8634457676289,2475090.8684791587
327,384.72485548748347,386.65869853097314,384.56748167376423,386.6094936424466,1838517.785864151
328,386.77892611466854,387.1584617963545,386.0034965910571,386.13878849061757,0.0
329,386.52492727910817,386.53486996822454,385.61632699764425,385.9522265302957,995519.8291556699
330,385.99275281641764,386.13507432691375,385.59794575927725,385.79693529691156,2486914.9880483756
331,385.41113836161463,385.8246766535685,385.17399463532195,385.69551984366336,1175881.7121237356
332,385.3098243238197,386.1898490185342,385.1907716050852,386.18249316697165,1254443.1171497698
333,385.8291499615582,388.00422155769195,385.6972495560398,387.7109723131482,2409142.5022898884
334,387.6771685590361,387.9606577259893,387.2614660181707,387.28986858646095,1040682.3184198446
335,387.6771584550474,387.773893492128,387.2183636544569,387.5754984693009,2053602.1498088553
336,387.32820497678034,387.3856252133524,386.9766272624722,387.37227291007696,1038777.0020207998
337,387.6192313149218,387.66979758588377,387.2488626483713,387.364885233808,1242058.4503889207
338,387.7522501190418,387.8934373804861,387.1396432465184,387.26866516527963,936086.1781557779
339,387.65593383044484,387.8588416947137,387.3282243638791,387.7114662299748,0.0
340,387.38135443012226,387.52709704953867,385.28276691887186,385.59798598103725,1582175.359182863
341,385.58319759940844,385.76751744846,385.5073862124016,385.7093586300968,272183.4654113285
342,385.4912190113049,387.8112880084196,385.3841713347592,387.4592442410571,2107053.9886661656
343,387.1941084978266,387.5019353115546,386.0342824949571,386.36955959175987,0.0
344,386.0792972573323,386.5219826440833,385.93869459911883,386.2255977417528,230195.32509655505
345,386.02470402017246,386.31933995861135,384.21257822678484,384.4961895809948,0.0
346,384.4587142474503,385.3423341257803,384.4537055250507,385.045511473679,0.0
347,385.4305569851527,386.1572120892537,385.39164373345704,386.04229302903497,833253.2181292049
348,385.9765315384627,386.3899709109634,385.7620977603666,386.08273016092505,2409677.8722815476
349,386.4688128910859,386.66471513387353,383.77160585943403,383.9781284255537,1436675.977134778
350,384.3621065539792,384.6168150395201,383.16716147450916,383.38981688728546,1128181.594686732
351,383.00642707039816,383.798678357463,382.9997054149902,383.49773845720466,2130609.33315
352,383.54460170437966,383.6322569995642,381.5920176041536,381.90019506294334,0.0
353,381.5182948678804,383.18632989881917,381.3384853208149,383.0827990882144,1886334.999439431
354,383.038968403161,383.29011228826204,380.6375645237457,380.99455048042006,1276717.0361447197
355,381.1727265594205,382.80025490611234,380.8761866828582,382.72304595719004,1404184.8092161557
356,383.1057690031472,383.2302943067849,381.28552256613114,381.6579367515693,441256.18199472746
357,382.03959468832085,383.7352413971746,381.69309489231097,383.3894418781298,1479787.1502710881
358,383.00605243625165,383.7039028256986,382.86114142298936,383.67191465325993,1766432.2760427613
359,383.7003820704331,385.35606663145336,383.5492115058198,385.3242407975205,1900623.8693846823
360,384.938916556723,384.9826280988462,383.8384107360875,383.90880818890327,1044140.0508305301
361,384.2927169970921,384.58258483968,384.20101971605203,384.51559011903885,1791723.081951534
362,384.1310745289198,385.67684307304154,383.90866861159213,385.4805677781802,2132588.763731885
363,385.469099366353,385.7731906590388,385.103538326201,385.21299938660707,2362116.7242348716
364,385.59821238599363,385.70684252663807,383.51650111329616,383.5823165626443,1363164.3195028326
365,383.8709459310025,384.1953576655752,383.50948084929706,383.70631824683045,553669.4047925407
366,383.7824585422094,383.9452530009552,383.6230667436389,383.93467749537496,1038661.0397483985
367,383.6107031296169,383.848081412009,382.7590753516309,382.8269508224255,2318355.962447108
368,382.7166579958834,383.01726378102353,381.1635866433094,381.443831419495,1293351.6222738745
369,381.5775596401184,381.8187936748987,380.0842416166084,380.2676350544219,1840739.7604819743
370,380.64790268947627,380.9904036312309,379.2106810709241,379.42186245868913,576640.7234955569
371,379.3538043147614,379.3895708426474,378.5256937334175,378.5745516995373,801539.8659777781
372,378.9531262512368,379.14525033674005,377.4784960803354,377.6560713304687,2206672.5262223296
373,377.2784152591382,377.5125442926597,376.21499576981813,376.3179589981402,1529948.6089995091
374,376.092332032732,376.3515483323942,374.9059204704703,375.18901718783025,1617609.2698364253
375,375.3218801143288,375.35559262591636,373.97425856455,374.24846081507866,3202874.9629126145
376,374.57950251566876,374.91431596509017,374.4351235608194,374.49965229651247,0.0
377,374.15434373806886,374.25359627548943,372.39027604860655,372.4581918618779,811368.7606553428
378,372.785844515733,372.87424293845316,372.32477952741203,372.646561593239,3690160.46372055
379,372.4964083539202,372.67402726882233,370.8570944202534,370.8952499960222,587845.3125387086
380,371.26614524601814,371.5657478813323,370.58094841006664,370.7240996001181,1499224.2799760564
381,370.8915379519084,371.22023467151206,370.10427507199717,370.45234007079745,1545896.7074639
382,370.40444100562627,371.56533100533295,370.2100033976081,371.4889120473551,366801.4483827086
383,371.1174231353077,371.45756490036393,370.2948643329048,370.4759089218003,326713.9016938063
384,370.39000929944,370.4133415461277,370.30941473371934,370.3970992442074,3075592.790619056
385,370.1444858980154,370.33250208914603,369.4249647972483,369.59047303086027,853793.3279583578
386,369.40719513887456,370.28063088915735,369.2095300842177,369.92118901183625,2260546.217865426
387,370.22511283272155,370.3791915741944,368.6461398723103,368.6659815329353,1382813.3469999232
388,368.49478551345976,370.00955444034616,368.23645915788217,369.8046759144727,1462060.2886014811
389,370.17448059038713,370.1753522678797,368.75839331549696,368.98307461084744,2548452.0931282835
390,369.35205768545825,370.7941896323101,369.1038726340644,370.6570764428036,0.0
391,370.2864193663608,370.5005450067195,368.7606385220698,369.0461809609587,1908263.7091556694
392,368.97712925977845,369.51284427909815,368.9090753759584,369.25370482556366,2344402.7013718616
393,369.0718825230151,369.4250495043414,368.8147107727406,369.2739683645823,1079812.5616786932
394,369.3967908601813,371.126580509687,369.1852838610013,370.94928992286236,1626019.1577135527
395,371.13511134327763,371.5201668081884,370.8666717743762,371.16643869822457,1384100.3690362913
396,371.00393372711335,371.2154296273082,370.40217089392837,370.48892300779994,1023461.217423644
397,370.8110141856638,370.9342267479036,369.7280552661489,369.7488608240274,1258124.3961055716
398,369.5545476132237,369.6414946137677,368.8121028676391,369.16448734198156,314867.5264468179
399,369.4329670023307,369.63404169249844,366.91465162555085,367.152109786597,926083.4967276792
400,366.7849576768104,368.8900649041392,366.5215862015286,368.68853374331127,0.0
401,368.319845209568,369.4524899528738,368.08011349073496,369.17703833718923,2138357.223828167
402,369.1081035057419,369.3064026137889,368.7283652192737,368.9527012530079,1737627.6737251696
403,368.8750923714404,369.0807507396416,367.52734408646774,367.7349256800531,868825.1569529506
404,367.36719075437304,367.520310348115,365.4575214357651,365.7303409051259,1000969.9032408076
405,365.4810285085591,365.81878556462726,364.23551457551304,364.27427024070664,1887907.4662061457
406,364.6385445109473,365.7663893944192,364.28023643798156,365.51751248676175,1764981.2634527101
407,365.6128491593114,365.7991949174727,363.33179125616806,363.5250152031675,1727921.07948821
408,363.8885402183707,364.01971213492845,362.5812120012903,362.6254282530397,257450.43413662736
409,362.4245959242367,363.2059951601037,362.380972667934,363.1567285073595,2836027.669965512
410,363.2354153720875,364.84708744374143,363.1715915290375,364.8042973814865,1198896.3250461707
411,364.96362467599096,365.07186978045604,364.09157216560027,364.2107963898211,0.0
412,363.84658559343126,366.18085883698717,363.8188400219243,365.8631473574577,666189.1461473992
413,365.6991058193506,367.7766597886645,365.57136778088386,367.5229947083628,755922.3206816355
414,367.8160152886593,369.4163432625825,367.70566317753827,369.1440376215127,37281.739744314225
415,369.33336211882937,369.86466079196634,369.25202550393544,369.75040164055395,701522.2131021217
416,369.7098595413539,370.0689978798516,368.1731655518974,368.30732785407173,527599.2494508013
417,368.2954480017812,368.3284558499391,367.69285160015596,367.9642762645527,1729595.680452112
418,367.852372071516,368.38656342982176,367.6190966522502,368.04219176489755,1392645.4420114786
419,368.36730654156713,368.37050726070765,368.3022670093316,368.35299788686984,441307.3257761942
420,367.984644888983,369.3621153348222,367.7809157059545,369.1433579846284,229290.0079207908
421,368.77421462664375,368.91691880948093,368.67729732491,368.8631047119232,0.0
422,368.9759149971562,369.1040447659554,367.0873796998545,367.33619997264117,882041.7368899384
423,367.6268221068383,367.9936687215127,367.19268933133793,367.44831109901276,0.0
424,367.48136669746435,367.8412928150065,366.7345032756255,367.0762634860903,1375628.8897286756
425,366.7091872226042,367.03044055174195,365.7913994216494,365.88431966496,630536.6179648766
426,366.25020398462493,366.5771245393572,365.21918176966506,365.5040425374649,1030319.1153668313
427,365.13853849492745,366.30104078871415,365.08107095665576,366.1300473710363,1749929.6887040567
428,366.315311934521,366.57511983818273,365.1368268474861,365.14926262600204,1671247.953986656
429,364.92290600652944,365.24976336201627,363.4808301822818,363.6638528139961,1214401.1058450148
430,363.7064455956853,364.0542347940047,361.6758232121916,361.77414160756655,1573528.4474037737
431,362.0705372649494,362.7783680658708,361.8513855404567,362.68518038061274,560776.4496959874
432,362.3869899215609,363.3782044501167,362.2571827236694,363.28981403669513,1360017.408505538
433,363.0769184068464,363.15411017185454,362.8373890353362,363.10489849333675,1937055.3737276827
434,363.2135584859843,363.23394658578803,362.1644974944018,362.3078453265902,1103134.2797015146
435,362.4103202616072,362.4913901885443,360.6119347527784,360.88812292323945,2795476.476479741
436,361.0294617181963,361.0923076039673,359.7673414701227,359.9493276936898,1741073.335908192
437,359.77587998618316,359.8681297507456,357.7055165262974,358.044566843499,2814466.467395357
438,358.40261141034244,359.051958639717,358.1857833518411,358.74724387103106,0.0
439,358.4853469857727,359.07929297327235,358.33066017320954,359.02207899806024,489933.47542539693
440,358.82282156372025,359.156820596584,358.25576617674346,358.28950343802165,1257538.0822271197
441,357.98077516563916,358.462035058427,357.7228780800894,358.1251247764074,3109253.470296095
442,357.86594311802367,357.97397349335466,357.53852231234066,357.788676946796,0.0
443,357.7527073714395,357.8593215387696,356.4874894166419,356.5290183749607,1207008.8442289624
444,356.17248935658574,358.41281415290825,355.98813504793134,358.13450193698367,2452527.1241439064
445,358.3529582471878,358.45812447618516,358.3290355460435,358.3727813124998,1724034.826715915
446,358.3515041460493,358.5202152263682,357.21256608123474,357.30432370307176,1007014.9838396629
447,357.2470513019835,358.2450111990125,356.98919617881364,358.0959182350779,2905231.080658973
448,357.96748632687064,359.49207569255066,357.82557836985364,359.4290702829852,1857877.896472191
449,359.5642674871988,359.6538525114552,358.5750902580426,358.58693956682936,2115250.9558319324
450,358.86291638327987,359.12159402587497,356.52820145055847,356.6322219989669,1360389.6246412583
451,356.7302037351699,357.92716220280255,356.4503603749615,357.9092806180102,1385732.11407698
452,358.26718989862815,359.83048966212397,358.09751770686466,359.53304287881457,540510.9951820525
453,359.481016768442,360.8781996239473,359.418309832863,360.7333694015239,1395969.8547670804
454,361.09410277092536,361.32988491496246,359.93135166009125,360.1888443755203,317495.79986700346
455,359.9058894741824,361.5208125978313,359.8754515907162,361.1957533158865,1411567.3314440046
456,360.83455756257064,361.15739264495,360.1438138407789,360.15045180446765,0.0
457,360.105408609204,361.59236101337024,359.9836344343673,361.3118130411631,812148.6507292538
458,360.95050122812194,361.8651491321695,360.6346534325861,361.74438748918163,1535378.9938522773
459,361.78760642635564,362.41860166580545,361.4399005024435,362.12178085842567,1816578.1532960385
460,362.48390263928405,362.8595491992062,362.23672671658227,362.77262335930396,611027.8913492025
461,362.6709052995909,363.21003193259065,362.5121541229013,363.203047474296,1765856.8175326746
462,363.56625052177026,363.7190825981637,362.14932435997906,362.450348707545,1714815.9561245674
463,362.364435461981,364.3196641676153,362.0447955697584,364.09471287890835,2402704.6345213167
464,364.24956237367275,364.5567343917562,363.71382195848463,363.801902780097,1245322.635988484
465,363.92707002558257,364.28413616122265,363.39501689449105,363.54387959587024,3207236.3002001625
466,363.28338291788543,363.7012060985215,363.0132751193226,363.3945738966303,1086326.1630794208
467,363.63025026933997,363.8904285044829,361.21247736243674,361.4136491074572,1481143.0230375226
468,361.15953665377305,361.4483812260993,359.32234403547955,359.61390485305066,949928.5399422485
469,359.7653056991086,360.0229144397944,359.56730173526165,359.7469648814053,948898.0228884522
470,359.86421430743036,360.3024717011949,359.765031567457,360.11318343278043,3762625.789123036
471,360.32434183870316,361.9882792165514,360.26273795955314,361.7469443564049,1533300.2336134957
472,361.77621759355594,362.20821742353405,361.65834828176713,361.87201575185276,2379682.0127780316
473,362.2338877676046,362.6551651577385,361.9990013274965,362.4473562275567,489244.5973493869
474,362.08490887132916,362.1778485656848,361.57727612230923,361.91864890793937,1516850.4538150209
475,361.7344945793196,363.64808317541093,361.6910171939452,363.560600864489,206994.63585313654
476,363.5575331587689,363.80507968143786,362.4130700574409,362.49274595074183,1152670.0716507197
477,362.85523869669254,362.9191416959463,361.86570875059704,362.10440209225317,586064.0066984993
478,362.24038377301963,362.4622520966483,360.5190324760838,360.7772312893458,0.0
479,360.4164540580565,361.7034458566036,360.28569675421994,361.56043391567414,1351977.4234606398
480,361.2547241192481,362.53048195133914,360.9428568495979,362.48374409486263,1158029.0045340098
481,362.3604659554857,363.14123017685836,362.05888219488384,363.04433512361965,1040581.2125470783
482,362.7543598042286,362.8118094523703,362.26264816462157,362.50673620611326,3259214.4252880467
483,362.62282478575503,364.29245305256467,362.3371637081425,364.15135619619133,842878.0541644506
484,364.33815614194174,364.5541040059621,364.2271802381003,364.2428191659431,0.0
485,364.607061985109,364.68889540805606,363.26482366418935,363.5004570136649,2043450.4167530793
486,363.76452194895046,364.119441684649,362.95822869820665,363.1098453549302,119420.3568106133
487,363.26059308847266,363.3997232487263,362.75081140979677,362.8727305683748,143091.0521429415
488,363.1793287898359,363.47999913399514,361.0300486936382,361.15266462219046,525941.519482019
489,361.4847063266427,361.7429169599676,360.4896076304704,360.6611183553776,611373.4419652921
490,360.70395522431363,360.7510033575918,360.39222519539743,360.66174995479264,1071512.147232898
491,360.30108820483787,362.0000245529725,360.14871786959225,361.9101350336221,328191.1742279435
492,362.2352001182142,362.56407992116664,361.06188763341964,361.3833627939795,584655.6785410856
493,361.74474615677343,362.74241449245767,361.6500921587428,362.4417278845962,2617636.125726535
494,362.3423528886705,362.6196593685787,361.12606328200314,361.4800592823988,2638353.72470052
495,361.8415393416812,362.0235612624706,359.7044910242505,359.9080571166912,610791.1552370926
496,360.26796517380785,361.83788434610955,360.17883572393407,361.5232000162309,909958.3630502451
497,361.5162357201928,361.678328030239,359.44383176661916,359.55247640004103,1247281.600117515
498,359.4296466468431,359.6645589379245,358.2467239689182,358.31981003637276,1371156.1079209896
499,358.445692131525,360.3019255158142,358.3519642409637,359.945434786396,728555.8687402499
500,359.70984276649915,359.9692158287998,358.3928699944187,358.6040748647814,1777079.6349702892
501,358.38644379616517,359.93966337652444,358.1970398391756,359.7430145606295,1174375.8363777369
502,360.1027575751901,360.63164835051344,359.85678409745213,360.6035847860721,2123182.02141374
503,360.88212557979665,360.98490842631867,360.1020430408538,360.1050754902392,541480.9318264019
504,359.75669387829794,361.893302504007,359.7457341466419,361.73879962976275,2147174.6166156717
505,361.8644726124907,361.9443538105437,361.00109451677986,361.2707953296872,1869137.6135930205
506,361.3149352954796,363.14273211895784,361.0413725429122,362.909808105143,267369.8425445111
507,362.9990432982295,363.05315224401886,362.7598522840694,362.9297265839249,1184055.283931985
508,363.2926563105088,364.1394887192166,363.23242441579055,363.89797943363897,3223273.937319217
509,364.0741950860604,364.1103753233157,361.652515175279,361.9143104964271,2628412.4046808435
510,361.8848182023715,361.9735859787923,359.7525866805838,359.95812409419597,1214640.1744142182
511,360.3180822182901,360.4848763530967,358.6380987772213,358.88181887716513,354308.18606071605
512,358.69176672015783,358.7977949391797,358.4268250041038,358.7559886858739,1308706.8148582706
513,358.9219805994417,359.24024913985613,357.5173647937228,357.6900232877857,1194419.8455525474
514,358.0477133110735,358.12394357632377,357.15889788271386,357.33318414488474,1860320.5144157219
515,357.67812391632674,359.03795164732674,357.6773943940924,358.95433277211686,2148424.5016718768
516,358.9755751452435,360.1457381822316,358.93015442097624,360.01611513539945,1796977.8002613648
517,359.8366288447396,360.1870517582056,359.6399991360297,359.95645678685423,659406.0178925676
518,359.7308190467755,359.816745210617,359.16358620624965,359.2494011399647,181685.5809901005
519,359.6086505411046,359.8877930549384,358.86663855821826,358.9891406966547,0.0
520,359.3089050045004,360.74225471297893,358.99866346348864,360.6178020649637,1080808.9328472854
521,360.4523032098719,361.27781127410293,360.0925282423481,361.1115668148624,1916976.2424338274
522,361.38256189872385,361.3929680436235,359.091751896989,359.1430870803131,803508.7252403055
523,359.311116199498,359.3119626304053,357.48880542097345,357.8330569712829,580027.4551337485
524,357.79105728940164,358.40417330011053,357.6387411669403,358.190395918944,1836099.6733412002
525,357.83220552302504,358.04104000555634,356.7290769199737,357.0281900446867,386802.56436679733
526,357.3414577301097,357.46985923615574,356.3643929177,356.67776460414217,2433694.9585843026
527,357.0344423687463,357.32818187701514,356.73346372440506,357.01561928498927,2227544.2394046495
528,356.6586036657043,358.9806241779884,356.3427305580796,358.635327184465,1808095.5522500933
529,358.9872329627329,359.05302410061705,357.78859374568356,358.0200892186507,2402194.7231895216
530,358.2006359476254,359.0310287736998,357.8532769627752,358.9410802707511,2951792.293405775
531,359.3000213510218,359.39116146133836,358.92213397735355,359.2580665261487,1261207.6838517971
532,359.05186064132533,359.17994885255825,357.4016922028009,357.5182054957289,409369.6981088044
533,357.317547874801,358.48010447931307,356.9621386697435,358.3391368105027,1291919.3475993208
534,358.1093098667502,358.4115262025728,356.69662052906807,356.87464491931763,2014355.3277011192
535,357.2315195642369,357.39994758928043,355.93882259052606,356.0638940119321,822579.7954750333
536,356.2174232438604,356.51294487141195,355.3469174376157,355.5708440914716,584949.8454132811
537,355.92641493556306,356.9195178805943,355.8516025633946,356.58978514530696,3013709.1891672234
538,356.3659797213157,356.4080048289895,354.710973024633,355.00968441608063,1352550.6107844554
539,355.2430895545467,355.4197951875865,354.40842072281106,354.57620699867334,1160108.1783245045
540,354.67103557559966,356.44566693100177,354.66398173152527,356.1848477763292,746879.5698301923
541,356.41298216274504,357.0185820637332,356.3159382932653,356.9453374470319,3689220.7231441736
542,356.6184443780333,356.9377160073893,354.8465978841428,354.9995685277367,937050.5600243375
543,354.966555524098,356.0125880907727,354.7383077238364,355.90701959803215,41312.686350888805
544,355.59920592578663,357.5253431588761,355.374124950745,357.33265891960974,1191326.5493827653
545,356.9753262606901,357.65153526049994,356.90534392476025,357.40920013212263,0.0
546,357.0517909319905,357.9102897686181,356.7575804072607,357.62474682428825,1924779.5533019353
547,357.39581723799466,358.8251188434846,357.21404120370056,358.488707320586,486859.06156322104
548,358.50204990778514,360.2463190092056,358.3820064530079,360.1150983235423,1893618.1208589824
549,360.1693674100768,361.61086598084586,359.90247728980216,361.3114976255339,1366295.286157003
550,360.9821672599105,361.9509184559564,360.936837377217,361.89921067420994,3035402.705051326
551,361.7408527380382,361.89349762679944,360.41223668716526,360.7483578547921,2100206.103007499
552,360.72888453472837,361.0045003579288,358.63336868070803,358.9396869619889,2788695.07028321
553,358.59893135200247,360.40547695504085,358.54125091660177,360.17960823568234,2232689.6023122105
554,360.3194656771583,361.78903739716174,359.9947506790773,361.5616477451957,1684233.150600134
555,361.5675061971845,363.2483449953786,361.4781514944808,363.2019800594323,1627413.9908877572
556,363.4985806964287,363.6887316399351,361.00268613890483,361.22210513157734,2716667.9190738574
557,361.5441272780441,361.8732785041251,361.2985181268077,361.81619672668444,2291731.123061021
558,361.93925043202375,362.0208537245622,360.9328099946555,361.21110359141665,2424708.819398636
559,360.84989248782523,361.1731781339315,360.3891617236645,360.62716714311125,0.0
560,360.47872149900763,362.4471566134004,360.4547124785634,362.2632599072236,410704.07422404
561,361.90099664731633,362.2259541448615,360.84365774494427,361.14643272986336,30539.549187144497
562,361.25737145238816,361.3816849765607,360.52341333540676,360.8573445031519,1966087.5401347391
563,360.76433981875954,362.33604842308654,360.57925863849636,362.2150478701211,865406.3761350622
564,362.2996673575242,364.06678775501933,362.2828242189986,363.8583445290157,2261238.2879566145
565,364.2066779291104,364.67256705796495,364.0001675410585,364.52364564624713,1173546.203279136
566,364.88816929189335,365.22777452255565,363.7686737464999,364.0532020316032,3051816.25016757
567,363.6891488295716,363.88021098590633,362.12670174995867,362.31906648329357,1306276.560387641
568,361.9971185460292,362.06637769430114,360.63541996199586,360.7197603612401,2080151.0652035794
569,360.8387626815789,361.43516027915774,360.7641665700924,361.43342110976363,733240.1836071725
570,361.07198768865385,361.16833965838106,360.6854894566566,360.8666304927564,2669664.019768986
571,360.5057638622637,360.63169391907184,359.86831070108155,360.12599353344285,491762.30306731083
572,360.48611952697627,360.72160350531107,359.5543946359151,359.601507856753,2106936.155543738
573,359.96110936460974,361.09671726875524,359.6967834495364,360.7412931300935,1418162.0974440062
574,361.047306470116,361.2735633886585,360.821801596885,360.98345363550817,72646.39726062538
575,361.0944831277376,361.39878997014813,361.0882681951447,361.27527954610207,2132951.7210192047
576,361.3398696157568,361.6706660623697,360.82935417015807,361.1139081683778,1421525.9687194019
577,361.47502207654617,361.76391197691913,360.754093598124,361.0238005592883,2810301.9413979254
578,361.3848243598475,361.5471329646206,359.09113256682446,359.40996522770246,2642235.924371413
579,359.17921149515263,359.6539350939651,358.97913552732064,359.50803819299,535123.8296982254
580,359.49802314424926,361.34819630631233,359.4710685419061,361.1390536946434,240268.1292781002
581,361.4065208902494,362.1897380394351,361.11270215295383,362.0649112924904,489659.69651854155
582,362.4269762037829,362.8086784751997,362.18211462305555,362.45465507113596,2130409.773099707
583,362.0922004160648,363.3893309301082,361.8706512153778,363.1086688626088,0.0
584,363.20119174385036,363.68924178690764,362.8946469221174,363.41455983175894,2002411.243275787
585,363.77797439159065,363.96391647861174,362.06853360160363,362.18144580650085,1163540.415315276
586,362.4017589105716,362.431025434765,361.3997574062003,361.4813453364522,0.0
587,361.8413265609343,362.1200801205635,361.3643893506379,361.4095977810609,0.0
588,361.2929183477483,361.34943352061873,360.9222333206869,360.9955780556745,1182882.9514119902
589,361.2162998988362,361.3097965180769,360.11336970292984,360.2030885893608,1321798.2664790489
590,360.2588812111484,360.55659811450903,358.6953714619557,358.7873887927591,1193582.0666881779
591,359.1461761815518,359.14685897710393,357.1662306797787,357.4279647798162,1605787.1385843717
592,357.785392744596,358.12129349993324,355.41958221106677,355.47956497795946,0.0
593,355.8350445429374,355.99219042957924,355.4101530945382,355.6022301236225,0.0
594,355.9578323537461,356.794056093001,355.90456441355747,356.4744058419537,1689276.72425937
595,356.11793143611175,357.9203372047323,355.79029667026595,357.62700703082794,769603.3267225786
596,357.39161630964304,357.5920097278744,355.5762696078691,355.6775222162675,0.0
597,355.47009755718824,356.188222567798,355.28284711282856,355.8405835463024,2246621.949810517
598,355.83788370075587,355.9826342312658,353.91398474490836,354.2398109781181,1654968.4083709894
599,354.09023104396255,354.3677629628565,353.3810654297827,353.5313254038144,689419.8109552669
600,353.88485672921814,354.2520563800658,353.6414205400618,354.00775919879123,2793720.131999914
601,353.65375143959244,353.9406200999933,353.1059089232765,353.37657085969005,1420703.09817689
602,353.358331177422,353.54266917596675,352.94737426747974,353.28145355524447,0.0
603,352.9281721016892,355.02792730765447,352.75334676775935,354.88422029751666,118119.03182587225
604,354.77986418770274,356.57219956074493,354.5626746925915,356.49425846942177,401398.39043385524
605,356.13776421095235,356.17326516252615,354.91301944204184,355.2674719004559,0.0
606,355.5609613250745,356.1729456129696,355.3577819665379,356.03586662421714,0.0
607,356.3919024908413,357.671121025063,356.35814886217656,357.41437114947934,826444.3600305477
608,357.05695677832983,359.1055320701494,356.94040616658714,359.03588810578606,259953.77588699292
609,359.15442193166655,359.2331903577736,357.05500034544974,357.07872324411744,510257.53760744585
610,356.86057439777596,357.0425857321915,354.9952874533851,355.1322272164642,688565.6471894176
611,355.1345906722454,355.3802670342089,355.0472104601185,355.2744830152401,1338403.2629936677
612,355.1372902294368,355.2892676271325,354.76192355050296,355.05207030421565,1701256.5819296231
613,354.7098044042801,356.8083037104062,354.3629332830902,356.61688087880907,1449956.5267501
614,356.9244694714727,357.070230586559,356.4624103913141,356.72579203468297,1431128.1021286403
615,356.8354823562411,357.1559930362286,355.75610574797724,355.9007910169412,2708173.779077049
616,355.54489022592423,355.96428699176283,355.23281870786883,355.77314997064053,3107345.265342869
617,355.5553720309295,357.5349655896981,355.2114846961228,357.3872210372871,1940045.6100870776
618,357.7446082583243,357.7586565079918,355.9915237653289,356.3316473400865,1371950.914553566
619,356.2403492077766,358.0693984389732,356.19226679137205,357.9482521967194,1180720.2738305826
620,357.71413098173167,358.0603990168321,355.8379209266868,356.08217207013263,2074390.8599756164
621,356.351882635226,357.7627686043173,356.09616658032286,357.64129932181953,1531480.040573561
622,357.45935972801897,357.49249855907345,356.75919555247947,356.89952447256957,330920.58608129167
623,357.2564239970421,357.42594888596136,354.93522606210587,354.9540052874843,2489042.570817735
624,354.7410640813384,356.2284965188397,354.52561491748855,356.2160413638314,268731.2374943914
625,356.4007725027938,356.4203337718687,354.2551586642528,354.27424795984007,546189.5842361087
626,354.6014352886829,354.70622904972424,354.26428246783155,354.4945731256863,230422.587988056
627,354.1400785525606,354.4795624196711,353.9535187622899,354.15275290073794,0.0
628,354.5069056536386,355.0250956891774,354.49321075515434,354.87720583067465,2141019.0863207052
629,355.0085455441565,355.076936992947,353.7484938464968,354.03972708258607,0.0
630,353.6856873555035,354.00735622342273,353.0597978522814,353.2548716836167,321620.00783007767
631,353.5583100226542,353.7421296491171,351.0825288290165,351.32922011234893,0.0
632,351.6805493324612,351.9341354315336,351.34452350818196,351.50001905207654,1239395.9509475024
633,351.42531329603935,351.69400048587175,351.35421224905537,351.4292660486411,1310687.8841610386
634,351.0778367825925,352.51135046774107,350.81221587190856,352.32404349671873,0.0
635,352.0013334361566,352.2093255411164,350.3372266881702,350.49782321583194,0.0
636,350.84832103904773,351.3529890652128,350.7812612471794,351.17607636537264,774941.2429153094
637,350.82490028900725,350.95478246744517,349.5093935632012,349.7857942943417,46797.937009221176
638,349.79916254738055,350.24691054766157,349.54248877078726,350.01073131988704,2425692.861369472
639,349.7572920114566,349.8669248028667,347.84610712221945,348.10276410201277,1426268.49796264
640,348.2367098453982,348.2990336848159,347.77060306530063,347.8271124281964,844009.3576965716
641,348.17493954062456,348.3448885095996,346.3216510251833,346.49018706229356,3164403.86824548
642,346.27261765768947,346.37630805728526,345.9178247728918,346.07882405002044,1071082.6320823191
643,346.00168589435094,346.1935213806343,345.5602028789275,345.8028231483551,1001425.5776431425
644,346.1486259715034,346.17476515178566,346.10065252067835,346.15438907338284,1294976.1220549725
645,346.50054346245616,346.5117508625723,343.9278629446952,344.26744342407443,0.0
646,344.21778096611814,344.2830611926494,344.0064423383843,344.21906207753,2390562.304972164
647,344.0532015445703,345.0797999049127,343.86792299082686,344.8112283651319,781340.0759314385
648,344.70114623809883,346.5613250677004,344.56176919801186,346.37556740309736,696061.2188230697
649,346.72194297050044,347.00839736049625,346.1882151331801,346.2762877877399,1111972.9501455398
650,346.16610323028914,347.0292811891973,346.0243240868403,346.85855078177696,0.0
651,346.6002805241095,347.22286036626565,346.4936471638102,347.1638394369992,781630.1471019161
652,347.0733515688901,347.4983250924031,346.9096306430834,347.4336481549338,729634.6383360971
653,347.7810818030887,347.8692384207443,345.3766481996623,345.53972904975,1244335.460271653
654,345.4106228895541,346.14333137266624,345.138637543424,345.79842500351685,2576207.465603386
655,346.1442234285203,346.6026291236292,346.08004918022885,346.4184014330759,589282.0811731273
656,346.76481983450896,347.0414198234446,344.4924351052081,344.5300166081014,1494194.8974131418
657,344.1854865914933,344.9619593129904,344.0518534146997,344.9562324981841,2299024.1224204376
658,344.64843377424825,344.7411208338491,344.3526519103338,344.4063542193106,558851.9504082919
659,344.42154412779644,345.3571348208779,344.3806099131426,345.253667144799,973008.3979722741
660,345.5989208119438,345.95989344050605,345.26514725318697,345.84543320071293,28127.626628484344
661,345.4995877675122,347.71053265130325,345.4033791956581,347.4144642175482,1192584.2500103384
662,347.4761043055942,349.2095819579103,347.34266741020434,348.962772473054,1014242.9067667269
663,349.14328682950753,349.1698462059882,347.1135480759751,347.231677818283,904087.184721321
664,347.15686052147,347.41846957138665,346.927803188423,347.10486576892436,203991.18861853704
665,346.75776090315543,347.50645281246346,346.42459268007934,347.26496634497147,1854139.2058046437
666,346.93874473877673,347.4854696726882,346.60776060067127,347.34876974268553,0.0
667,347.2840483008611,347.47969074901874,346.40429020164504,346.6043548143778,1258098.0955061289
668,346.59237794741995,346.6252951312023,345.2503413287665,345.3420940817023,408756.65808930516
669,344.9967519876206,345.9650155983846,344.90993270935365,345.7904916487194,0.0
670,345.84937008986145,345.92991703128513,344.91073097684546,345.1082841144244,890472.9768327267
671,345.3701234281515,345.4315708664101,345.22801303102585,345.3048963679524,1548520.6380254247
672,345.5686365123736,345.6406292201337,343.5568632399185,343.6932768935014,0.0
673,343.69554560713016,344.3463682185476,343.4267993156174,344.0474493420611,633891.1475132215
674,344.2798624262108,345.03418726158975,344.02197587588654,344.87210030054575,0.0
675,344.6646111845931,346.46742505893474,344.44790548996184,346.436715502212,2060087.914720737
676,346.7831522177142,347.94994609547626,346.5804872121046,347.78764896871064,1494386.5235314234
677,347.9751749665291,349.0437171560716,347.8304354693337,348.9253055130287,2926811.0842634924
678,349.2742308185417,350.7350451573069,349.1233234242748,350.50830928972147,0.0
679,350.85881759901116,351.1676835773261,350.72642063267034,350.7976929591928,63855.38271306921
680,350.97611728249035,351.00848914278987,349.4844460341747,349.713540200147,253320.54521306383
681,349.64501040674,349.92162951835684,349.01786747507265,349.3284072262587,804727.4000713793
682,349.1392750647464,349.70305235296075,348.9454356517539,349.62785907985216,364760.7538985978
683,349.977486938932,350.1810819700517,348.3863523116264,348.69986446663427,4156993.921852887
684,348.3511646021676,349.5878641543346,348.2847443476583,349.36454691063216,1022328.4531286389
685,349.40555154871055,349.901302537682,349.11796519658174,349.7644717509922,0.0
686,349.5327947871994,350.5594201328757,349.30908012740315,350.2603433788427,1980132.529336382
687,349.91008303546386,349.9902268217676,348.2305411838369,348.3510154837576,1833131.1464868449
688,348.0026644682738,348.2365904938726,346.43178010048445,346.45209565535725,1811818.0579680488
689,346.7201765499319,346.9778300749421,346.5172482793788,346.6433073252117,1831425.2610983173
690,346.65467830525523,348.21100813827354,346.44072433553674,347.9421114952482,0.0
691,348.28235746154706,349.17025869517175,348.2126616378206,348.99530611447653,327641.02265764656
692,348.64631080836205,348.652424104068,348.13514981349454,348.3216331677732,613108.8107298845
693,348.66995480094096,349.78358532493786,348.4166614774494,349.5675644919544,828926.0833486689
694,349.5472301938594,351.29431499016835,349.4402173694206,351.1534820681715,1035437.0049763398
695,351.4125410842292,351.5813196534554,350.3793394652793,350.69956047806477,971966.392623351
696,350.7021737014525,351.0692743455774,350.51216151585527,350.79664515364874,2324642.757694345
697,351.14744179880233,351.1927384809229,351.1062893254835,351.1454748805929,1165802.5869296421
698,351.49662035547345,352.72309644903305,351.4143368727761,352.45938942742987,0.0
699,352.81184881685726,354.01517614223485,352.71525137399624,353.97462399503877,1435371.2107200131
700,353.81778953887954,355.27492542734404,353.72541345996825,354.94019764654337,1849252.4490174213
701,355.01728820405214,355.05509288907194,353.8138085035073,353.871715259093,3228610.0433199243
702,354.1829606412004,354.5359937732849,354.12903999368655,354.26659638509966,1255070.7679689324
703,353.91232978871454,354.6221985452349,353.65280354301825,354.31819687936036,2282922.7658888167
704,354.35518468379166,354.6577668933536,352.7996803412316,352.8938148313329,1426176.2182649176
705,352.54092101650156,352.881656987422,352.35310939456747,352.70284645571127,1730228.3576357684
706,352.35014360925555,352.45023417997766,350.79908369555096,350.8682218032273,0.0
707,350.61112089801,350.83785612930933,350.42693973916926,350.6767657030139,1154466.0144949174
708,351.0274424687169,351.22989297334874,349.56526175683746,349.7639692494266,2070739.4441117093
709,349.6179729839051,349.7595648960912,348.3401828295908,348.48910521981446,38918.22794155474
710,348.3480151118372,348.6404934845502,347.4435493080781,347.4609006682876,1617659.4790805597
711,347.66646078277995,347.68097099445885,347.10465816636093,347.26294612290434,79618.14409644832
712,347.6102090690272,347.6527626153346,346.40068516613076,346.4309821778562,1535056.8413042577
713,346.65623868917186,346.8675665985554,344.5419057767295,344.5425287731312,1559865.252427063
714,344.48389066325325,344.7028743047471,344.02425501643114,344.3246601376926,910919.3314379286
715,344.1272680321649,346.12946439969545,343.82197565519385,345.8867917136899,1269002.157476189
716,346.1965112118833,346.3036385852987,345.13795033152115,345.30753321065845,2985495.670098579
717,345.3588865631117,345.45157754781513,343.40557458262913,343.4252039147351,1946909.720196935
718,343.52993578899265,343.786345027456,343.1904368198206,343.41217707474266,2588716.195723694
719,343.6415837268294,343.9125984312523,341.305710364409,341.5401796831009,948715.8732888626
720,341.46926444902823,341.81252598137104,341.27573027958334,341.73885972111844,1736401.5490247463
721,341.9049206269812,342.03805859669126,339.9520110107969,340.2242200368235,358478.56421717803
722,340.44981683300455,340.4991047097933,339.4141574240774,339.4838469766069,0.0
723,339.7692375348386,340.9635512040616,339.7222282905982,340.6622474120517,1947995.7384338034
724,340.72555146103167,341.0040453485399,338.5600743299749,338.8292169353247,0.0
725,338.5407785178793,339.30481653401796,338.3109044804536,339.2326306149624,376110.01406343887
726,339.0224928615313,339.33061691826884,337.24366565913493,337.3834166322772,427442.91911970905
727,337.72080004890944,338.5178923072962,337.66309099996084,338.2365871186656,1034796.7754811202
728,338.11257638772116,338.35469859265413,336.5771466168169,336.76287048888247,1981789.743906294
729,336.9433585937874,337.77638905585627,336.88706625759136,337.76908104169996,1210468.552380052
730,337.7521253333692,338.04843495889804,337.33599080876564,337.4647733633101,3220733.3232802083
731,337.4370328002805,339.0276239503789,337.3621952705357,338.99578301578975,178753.86082208855
732,338.656787232774,340.8584620186876,338.41842616951595,340.5337385504503,2866549.563509799
733,340.1932048118999,342.25387871157767,340.1073339438167,342.0786714793592,2339713.1773594283
734,341.8408392426982,342.49337632033615,341.66237252181816,342.48737574432454,1112517.4988894132
735,342.8298631200688,343.05707140755646,340.7417324484191,340.98369333322404,397066.5698529129
736,341.04786397166845,341.1467254698789,339.311938071114,339.4682919427581,2273017.7576800743
737,339.8077602347008,340.3063902748645,339.648417997458,340.0805868592503,884140.6100966735
738,339.9205734555893,340.1885456990241,337.9524759818016,338.2267505248155,1183090.1139872575
739,338.3720415791026,339.1646753866158,338.03658384225537,339.08218975798053,1820906.7440994177
740,339.14111367353934,339.46122551926464,338.33364011814473,338.437606963956,537615.277228742
741,338.7173295664698,338.872381548785,336.49888293975795,336.59272678857394,116468.07971281197
742,336.5263185485203,337.93452503365563,336.3933841766026,337.92133692519326,1392996.4868744933
743,337.9408365900955,338.0041727776914,337.44478364073575,337.7566488978578,2042692.616394856
744,337.63376678182135,338.9782903635119,337.44927956406036,338.6931535586297,1816061.7049014885
745,338.6687718439821,340.2150186350965,338.41045823172914,339.9107734476748,1168365.3588679049
746,339.5708626742271,340.2269164786773,339.4675822860664,340.1494372333822,87722.37669247866
747,339.8092877961488,339.9971821599529,339.3245944654847,339.62083353370673,1167497.5298998505
748,339.9604543672404,340.03593264827197,338.5109651003314,338.66920537158,488102.43935270247
749,338.50279289247976,338.51364449542655,336.8783494958055,337.1305021257599,965161.0832038161
750,336.9906590827791,337.1086185519551,335.0422502450154,335.3431864289254,91011.65284483833
751,335.0813171677213,335.9050819108591,334.82131148069294,335.8458218136683,1487971.9116245757
752,335.5099759918546,335.6072235480063,335.0941103961027,335.11637683183915,613422.3220586755
753,335.45149320867097,335.7706912121036,334.9659911574684,335.19167045722344,984416.58901879
754,335.3535582303698,336.7799540561765,335.05049101518824,336.71236750001765,1618697.8245844748
755,336.5635358908377,336.903364880363,336.2446282903058,336.79780646059567,1544185.1140804866
756,336.9998774998666,337.0246506262664,335.38047933363003,335.49709037859253,1712751.1566054546
757,335.62173620648974,335.82852080399516,334.30591150020916,334.45052939938415,1128587.0921290817
758,334.7568955032827,336.03035811044026,334.4767581509066,335.967864034594,1088647.1274373697
759,336.1991216908341,336.3274248872586,335.8923353202899,336.22197858686394,0.0
760,336.15400830810415,336.2549956101255,334.2182591762176,334.3891761734823,778131.692384688
761,334.38750653228226,334.41053441315637,333.5640204313471,333.8170511683887,1875135.5896690434
762,333.48323411722026,333.62210655405283,333.4517584986226,333.4970910604819,0.0
763,333.5782367137526,334.98361300844766,333.56866292228307,334.86714962700114,120971.14316234493
764,334.53228247737417,334.7415517087385,333.967680674821,334.08535000123635,2478140.3341570925
765,334.41943535123755,334.5857388125536,332.4080288658991,332.5615842158506,509095.5471684445
766,332.5646104927628,334.1942143888655,332.3496024648687,334.0703490875258,219301.2402359472
767,334.4044194366133,334.42555549610756,333.54130452002795,333.6401861798849,1545604.5908015599
768,333.5721074347876,333.60729507221185,331.92732418379927,332.17923762129976,977539.0846879878
769,332.061153043039,332.18555296856846,331.37444649963794,331.5917386345955,1276151.5636846158
770,331.9233303732301,333.2625904743603,331.73563922152414,333.09610351236466,861484.6518448675
771,333.1354523968469,333.94334109823575,333.0532451844098,333.7981192157767,1399369.2637685079
772,333.6991713530432,334.82370268429423,333.53215739931375,334.6905588072709,976357.8666618512
773,335.0252493660781,336.44051211055483,334.90209987287864,336.2089824075206,1225791.506137194
774,336.54519138992805,337.2825982825584,336.37241814646524,337.072058754942,1421900.3584179601
775,336.7854541390104,336.92423235557317,335.178067371614,335.23462241194585,1578896.9181283056
776,335.5233912756644,336.7050683500823,335.4896529940985,336.39999375689376,1099794.4810381194
777,336.20407530104893,338.0897957559234,336.13083876586467,337.92617271893147,1205854.5557269817
778,338.26409889165035,338.3933291198955,336.5103465713153,336.78054666555164,1282490.9239137936
779,337.11732721221716,337.16807422436796,336.61817197579336,336.890219671385,76358.83130036155
